i38,e08,c1,p21,l2,208
i15,e09,c2,p35,l3,2887
i17,e04,c5,p10,l3,386
i06,e08,c5,p01,l2,2781
i06,e11,c5,p13,l2,391
i34,e08,c5,p18,l3,40
i38,e10,c1,p06,l3,5605
i29,e04,c5,p35,l3,25
i38,e07,c1,p16,l2,74
i06,e10,c3,p19,l4,48
i38,e10,c1,p14,l3,7641
i38,e10,c7,p13,l4,77
i06,e10,c5,p02,l4,1665
i38,e11,c1,p14,l2,115
i06,e10,c5,p11,l1,72
i38,e10,c1,p30,l4,143
i38,e10,c1,p06,l4,1015
i46,e09,c1,p15,l3,97
i42,e05,c3,p10,l3,6
i02,e04,c1,p11,l3,366
i06,e09,c5,p20,l2,10
i02,e08,c1,p13,l3,379
i06,e10,c3,p19,l3,241
i38,e11,c1,p18,l2,151
i39,e09,c5,p18,l3,36
i38,e10,c7,p10,l3,58
i38,e06,c1,p26,l3,88
i38,e01,c1,p15,l3,78
i13,e11,c5,p35,l3,12
i06,e10,c5,p15,l2,117
i38,e10,c4,p14,l3,176
i38,e10,c4,p24,l4,49
i38,e10,c4,p01,l4,85
i12,e08,c5,p01,l3,13
i06,e04,c5,p22,l1,123
i06,e10,c5,p32,l2,43
i34,e12,c5,p16,l3,102
i42,e05,c3,p19,l3,2
i38,e04,c1,p05,l1,58
i39,e04,c5,p09,l3,14
i38,e01,c1,p06,l3,18
i13,e12,c5,p17,l3,6
i17,e11,c5,p05,l3,81
i07,e12,c5,p07,l3,61
i12,e04,c5,p19,l3,40
i05,e06,c1,p35,l3,28
i06,e10,c5,p08,l1,18
i30,e01,c1,p12,l3,2
i30,e09,c1,p29,l3,5
i21,e09,c1,p09,l3,2
i01,e04,c1,p11,l3,10
i06,e12,c3,p29,l3,3
i44,e09,c3,p35,l3,1
i01,e01,c1,p03,l3,1
i06,e10,c3,p12,l4,15
i25,e03,c5,p35,l3,2
i38,e10,c1,p30,l2,2
i13,e03,c5,p19,l3,1
i23,e04,c5,p29,l3,13
i38,e10,c4,p06,l4,8
i38,e10,c4,p13,l2,4
i38,e12,c1,p15,l3,9
i16,e01,c5,p21,l3,9
i06,e10,c3,p22,l4,4
i17,e08,c5,p02,l3,17
i33,e03,c1,p13,l3,2
i06,e11,c3,p15,l2,23
i34,e09,c5,p02,l3,4
i02,e08,c4,p16,l3,1
i02,e08,c1,p31,l3,8
i17,e09,c5,p13,l3,7
i33,e09,c1,p07,l3,6
i34,e04,c5,p05,l3,2
i41,e09,c1,p02,l3,2
i30,e09,c1,p15,l3,2
i06,e05,c5,p21,l1,2
i26,e09,c1,p35,l3,1
i09,e09,c5,p13,l3,1
i34,e04,c5,p15,l3,3
i13,e09,c5,p16,l3,1
i20,e04,c5,p35,l3,1
i59,e01,c5,p10,l3,1
i05,e06,c1,p14,l3,1
i38,e07,c4,p19,l2,1
i06,e10,c5,p06,l3,34671
i38,e10,c1,p35,l2,1072
i01,e08,c1,p35,l3,470
i06,e08,c5,p21,l2,3272
i06,e12,c5,p04,l3,313
i13,e08,c5,p16,l3,23
i38,e11,c1,p24,l2,157
i38,e10,c1,p35,l4,861
i17,e04,c5,p17,l3,17
i31,e08,c1,p35,l3,4054
i38,e10,c1,p28,l3,1307
i06,e10,c5,p20,l4,454
i06,e10,c5,p07,l2,74
i13,e11,c5,p11,l3,24
i38,e10,c1,p20,l4,259
i06,e10,c5,p13,l1,73
i23,e04,c5,p07,l3,84
i06,e10,c5,p06,l2,104
i38,e10,c1,p14,l1,16
i34,e08,c5,p13,l3,16
i02,e09,c1,p35,l3,57
i02,e04,c1,p17,l3,81
i19,e10,c5,p10,l3,198
i06,e10,c5,p23,l1,34
i38,e04,c1,p14,l1,102
i06,e04,c5,p09,l1,90
i05,e04,c1,p15,l3,6
i03,e10,c5,p15,l3,4
i06,e09,c5,p28,l2,16
i34,e04,c5,p35,l3,66
i41,e01,c1,p03,l3,4
i34,e04,c5,p01,l3,19
i38,e10,c4,p28,l4,21
i05,e06,c1,p17,l3,10
i38,e11,c4,p08,l2,4
i28,e09,c1,p35,l3,4
i20,e08,c5,p18,l3,2
i05,e01,c1,p02,l3,3
i38,e11,c1,p30,l2,10
i63,e08,c1,p01,l3,1
i38,e01,c1,p30,l3,2
i12,e04,c5,p21,l3,3
i23,e03,c5,p01,l3,6
i48,e11,c1,p08,l3,5
i63,e10,c1,p10,l4,3
i39,e09,c5,p16,l3,6
i17,e01,c5,p06,l3,8
i38,e01,c4,p10,l3,4
i07,e07,c5,p35,l3,3
i38,e01,c1,p32,l3,17
i21,e03,c1,p19,l3,24
i17,e04,c5,p23,l3,25
i16,e08,c5,p21,l3,93
i05,e06,c1,p15,l3,5
i38,e01,c1,p22,l3,7
i21,e03,c1,p28,l3,4
i43,e11,c1,p28,l3,2
i01,e04,c1,p01,l3,4
i34,e08,c5,p02,l3,4
i14,e09,c5,p01,l3,5
i38,e11,c4,p22,l2,1
i05,e09,c1,p12,l3,1
i06,e07,c3,p09,l2,2
i38,e11,c4,p32,l2,3
i21,e03,c1,p24,l3,1
i14,e08,c5,p22,l3,2
i17,e08,c5,p06,l3,6
i06,e07,c5,p03,l2,1
i38,e12,c1,p08,l3,1
i38,e12,c1,p25,l3,1
i41,e09,c1,p32,l3,10
i20,e08,c5,p13,l3,1
i38,e11,c4,p05,l2,3
i14,e08,c3,p15,l3,2
i67,e09,c5,p24,l3,1
i21,e01,c1,p28,l3,1
i49,e03,c1,p01,l3,1
i06,e08,c5,p19,l2,7515
i02,e09,c1,p15,l3,79
i06,e04,c5,p24,l1,211
i06,e10,c5,p25,l3,10860
i46,e11,c1,p35,l3,1989
i38,e10,c1,p07,l3,14988
i17,e04,c5,p16,l3,31
i16,e08,c5,p01,l3,28
i34,e03,c5,p02,l3,41
i38,e11,c1,p05,l2,288
i38,e10,c1,p19,l2,199
i38,e10,c1,p20,l2,21
i06,e10,c5,p05,l2,93
i14,e08,c5,p19,l3,92
i06,e10,c5,p19,l1,190
i17,e11,c5,p17,l3,34
i38,e11,c1,unknown,l2,1
i38,e06,c7,p13,l3,42
i06,e09,c5,p21,l2,103
i02,e01,c1,p29,l3,35
i38,e10,c4,p06,l3,151
i02,e09,c1,p01,l3,152
i39,e04,c5,p13,l3,40
i07,e11,c5,p35,l3,28
i07,e04,c5,p25,l3,1
i41,e04,c1,p24,l3,13
i23,e10,c5,p10,l3,14
i06,e09,c5,p22,l2,94
i02,e04,c1,p09,l3,38
i38,e10,c4,p28,l2,1
i34,e03,c5,p04,l3,52
i41,e07,c1,p12,l3,4
i14,e09,c5,p23,l3,13
i63,e10,c1,p35,l3,5
i38,e01,c4,p19,l3,5
i14,e11,c5,p15,l3,8
i06,e02,c5,p01,l1,3
i17,e09,c5,p20,l3,3
i38,e01,c1,p35,l3,12
i06,e01,c5,p25,l3,36
i41,e08,c1,p11,l3,8
i06,e08,c3,p10,l2,3
i42,e05,c5,p10,l3,3
i18,e04,c1,p35,l3,12
i16,e05,c5,p19,l3,1
i23,e03,c5,p20,l3,2
i38,e10,c4,p25,l4,8
i05,e07,c1,p02,l3,5
i05,e09,c1,p21,l3,3
i07,e12,c5,p17,l3,3
i38,e07,c1,p29,l2,10
i16,e04,c5,p16,l3,15
i14,e08,c3,p01,l3,2
i46,e11,c1,p16,l3,1
i29,e04,c5,p10,l3,2
i05,e03,c1,p24,l3,2
i66,e04,c3,p29,l3,1
i05,e12,c1,p32,l3,2
i38,e11,c4,p13,l2,4
i38,e10,c4,p16,l1,1
i05,e04,c1,p13,l3,1
i38,e01,c1,unknown,l3,1
i14,e04,c5,p17,l3,1
i30,e09,c1,p13,l3,1
i13,e10,c5,p21,l3,3
i21,e05,c1,p07,l3,1
i12,e04,c5,p02,l3,1
i30,e01,c1,p08,l3,3
i14,e11,c5,p09,l3,1
i06,e11,c3,p35,l2,2
i07,e04,c5,p03,l3,1
i13,e12,c5,p35,l3,3
i07,e09,c5,p23,l3,1
i17,e04,c5,p07,l3,119
i17,e08,c5,p07,l3,46
i02,e08,c1,p21,l3,957
i06,e08,c5,p12,l2,2254
i34,e03,c5,p21,l3,89
i06,e10,c5,p08,l3,14956
i48,e11,c1,p19,l3,4
i13,e08,c5,p01,l3,81
i38,e06,c1,p16,l3,1092
i38,e06,c1,p17,l3,1533
i06,e10,c5,p23,l3,17957
i06,e10,c5,p24,l4,2725
i38,e10,c4,p19,l3,1129
i06,e11,c5,p23,l2,329
i06,e10,c3,p29,l3,188
i05,e09,c1,p35,l3,78
i06,e04,c5,p11,l1,342
i02,e04,c1,p02,l3,60
i01,e01,c1,p35,l3,66
i38,e10,c4,p23,l2,4
i35,e01,c2,p35,l3,11
i63,e10,c1,p35,l4,19
i01,e09,c1,p07,l3,1
i06,e01,c5,p28,l3,30
i23,e08,c5,p08,l3,75
i13,e08,c5,p15,l3,32
i06,e10,c5,p25,l2,34
i07,e08,c5,p18,l3,50
i06,e09,c5,p11,l2,127
i17,e09,c5,p01,l3,59
i05,e12,c1,p35,l3,94
i06,e01,c5,p24,l3,76
i38,e10,c1,p22,l2,15
i21,e12,c1,p11,l3,10
i38,e07,c1,p17,l2,29
i05,e06,c1,p03,l3,8
i38,e10,c1,p12,l2,50
i34,e09,c5,p16,l3,15
i39,e09,c5,p08,l3,28
i05,e04,c1,p07,l3,5
i38,e04,c1,p26,l1,1
i23,e04,c5,p18,l3,20
i17,e08,c5,p05,l3,13
i17,e09,c5,p32,l3,7
i05,e12,c1,unknown,l3,2
i02,e01,c1,p31,l3,3
i21,e03,c1,p09,l3,4
i13,e11,c5,p09,l3,27
i21,e03,c1,p07,l3,2
i38,e10,c1,unknown,l3,4
i38,e11,c4,p17,l2,5
i23,e04,c5,p19,l3,10
i43,e09,c1,p09,l3,3
i05,e08,c1,p17,l3,9
i21,e04,c1,p04,l3,6
i19,e10,c5,p35,l2,15
i23,e01,c5,p19,l3,10
i06,e12,c5,p30,l3,26
i38,e10,c1,p22,l1,5
i02,e09,c4,p15,l3,1
i27,e08,c5,p12,l3,1
i34,e04,c5,p07,l3,10
i17,e09,c5,p35,l3,6
i03,e10,c5,p16,l3,2
i14,e01,c5,p32,l3,5
i42,e05,c5,p15,l3,5
i01,e08,c1,p08,l3,11
i23,e13,c5,p05,l3,5
i38,e04,c1,p35,l1,7
i38,e10,c4,p21,l2,1
i46,e01,c1,p03,l3,4
i27,e01,c5,p17,l3,1
i21,e03,c1,p21,l3,3
i05,e06,c1,p12,l3,4
i17,e04,c5,p09,l3,8
i14,e04,c5,p10,l3,5
i02,e04,c1,p32,l3,3
i44,e08,c3,p10,l3,5
i14,e08,c5,p23,l3,4
i01,e08,c1,p02,l3,3
i38,e09,c4,p08,l2,3
i23,e03,c5,p32,l3,1
i07,e01,c5,p19,l3,4
i43,e08,c1,p19,l3,2
i03,e08,c5,p12,l3,3
i17,e01,c5,p08,l3,1
i46,e11,c1,p18,l3,1
i03,e01,c5,p11,l3,1
i16,e09,c5,p07,l3,1
i43,e09,c1,p13,l3,2
i20,e09,c5,p14,l3,1
i06,e08,c5,p10,l2,8642
i07,e11,c5,p04,l3,12
i06,e11,c5,p17,l2,493
i06,e04,c5,p05,l1,345
i16,e08,c5,p05,l3,20
i38,e06,c1,p05,l3,1890
i29,e09,c5,p35,l3,20
i38,e11,c1,p23,l2,51
i38,e09,c1,p15,l2,85
i38,e06,c1,p14,l3,1168
i06,e10,c5,p14,l4,1875
i41,e04,c1,p05,l3,5
i06,e10,c5,p30,l4,38
i05,e12,c1,p07,l3,5
i38,e10,c4,p02,l3,225
i06,e11,c5,p16,l2,646
i38,e10,c4,p12,l4,38
i06,e10,c3,p18,l3,99
i41,e09,c1,p01,l3,11
i38,e04,c1,p07,l1,101
i13,e12,c5,p15,l3,4
i06,e01,c5,p02,l3,47
i06,e10,c3,p11,l4,21
i27,e08,c5,p19,l3,9
i07,e12,c5,p04,l3,19
i02,e09,c1,p16,l3,61
i13,e08,c3,p10,l3,64
i38,e10,c1,unknown,l4,13
i38,e08,c1,p25,l2,21
i49,e09,c1,p33,l3,1
i38,e04,c1,p18,l1,33
i39,e01,c5,p29,l3,23
i27,e04,c5,p29,l3,5
i23,e03,c5,p10,l3,28
i05,e01,c1,p20,l3,2
i41,e01,c1,p01,l3,21
i05,e08,c1,unknown,l3,3
i03,e04,c5,p10,l3,6
i05,e09,c1,p03,l3,3
i05,e07,c1,p21,l3,24
i34,e09,c5,p08,l3,7
i06,e07,c5,p21,l2,4
i32,e11,c5,p06,l3,2
i61,e01,c1,p35,l3,2
i05,e01,c1,p19,l3,14
i17,e09,c5,p25,l3,3
i13,e01,c5,p02,l3,2
i06,e10,c3,p16,l4,9
i34,e01,c5,p31,l3,2
i23,e03,c5,p13,l3,5
i38,e07,c4,p07,l2,8
i38,e11,c4,p02,l2,1
i16,e01,c5,p08,l3,2
i41,e07,c1,p22,l3,1
i13,e11,c5,p16,l3,3
i05,e06,c1,p25,l3,1
i12,e04,c5,p22,l3,1
i09,e01,c5,p24,l3,3
i21,e01,c1,p15,l3,8
i34,e01,c5,p04,l3,4
i46,e04,c4,p13,l3,4
i71,e09,c1,p10,l3,1
i05,e09,c1,p13,l3,2
i05,e07,c1,p04,l3,4
i34,e04,c5,p13,l3,4
i05,e06,c1,p28,l3,1
i06,e02,c5,p19,l1,3
i43,e11,c1,p07,l3,1
i23,e09,c5,p02,l3,1
i31,e05,c1,p35,l3,1
i38,e10,c1,p28,l1,1
i07,e08,c5,p05,l3,1
i01,e08,c1,p16,l3,1
i06,e08,c5,p05,l2,3766
i06,e08,c5,p11,l2,3166
i06,e10,c5,p16,l3,52804
i06,e08,c5,p16,l2,2265
i05,e12,c4,p12,l3,7
i02,e04,c1,p19,l3,740
i38,e06,c1,p10,l3,12960
i17,e08,c5,p10,l3,236
i38,e07,c1,p03,l2,199
i38,e04,c1,p29,l1,111
i38,e10,c1,p08,l3,3406
i38,e10,c1,p20,l3,1185
i38,e10,c4,p12,l3,209
i06,e10,c3,p15,l3,284
i06,e10,c5,p08,l4,1010
i38,e11,c1,p16,l2,150
i38,e10,c4,p04,l3,181
i06,e10,c5,p14,l2,33
i38,e10,c1,p15,l2,113
i06,e08,c5,p09,l2,1009
i14,e08,c5,p29,l3,29
i38,e10,c4,p24,l3,354
i39,e04,c5,p21,l3,118
i38,e06,c4,p16,l3,31
i41,e08,c1,p10,l3,31
i31,e11,c1,p35,l3,136
i06,e09,c5,p02,l2,33
i13,e03,c5,p35,l3,1
i06,e01,c5,p18,l3,45
i21,e03,c1,p12,l3,7
i39,e01,c5,p12,l3,71
i38,e10,c4,p25,l3,92
i17,e04,c5,p03,l3,67
i30,e09,c1,p21,l3,8
i46,e01,c4,p09,l3,7
i01,e08,c1,p07,l3,20
i17,e01,c5,p18,l3,15
i34,e03,c5,p15,l3,83
i38,e06,c4,p32,l3,26
i06,e10,c3,p04,l4,5
i05,e08,c1,p29,l3,7
i21,e04,c1,p10,l3,18
i21,e12,c1,p19,l3,9
i12,e08,c5,p13,l3,18
i17,e11,c5,p22,l3,24
i38,e10,c7,p19,l3,2
i33,e03,c1,p19,l3,6
i05,e12,c1,p13,l3,8
i34,e09,c5,p15,l3,6
i38,e01,c1,p02,l3,17
i14,e01,c5,p23,l3,4
i66,e04,c3,p18,l3,3
i29,e09,c5,p12,l3,5
i41,e08,c1,p15,l3,2
i16,e01,c5,p19,l3,4
i23,e03,c5,p12,l3,5
i41,e09,c1,p23,l3,1
i06,e11,c3,p03,l2,5
i20,e08,c5,p14,l3,1
i34,e04,c5,p04,l3,7
i24,e08,c1,p35,l3,2
i07,e08,c5,p28,l3,4
i14,e12,c5,p08,l3,1
i16,e08,c5,p06,l3,5
i14,e01,c5,p02,l3,1
i23,e13,c5,p10,l3,1
i41,e07,c1,p02,l3,3
i43,e09,c1,p16,l3,1
i03,e08,c5,p03,l3,1
i49,e04,c1,p33,l3,1
i41,e08,c1,p22,l3,1
i14,e04,c5,p33,l3,1
i06,e10,c5,p02,l3,20585
i06,e10,c5,p15,l4,5227
i06,e04,c5,p10,l1,734
i38,e08,c1,p23,l2,36
i06,e10,c5,p17,l3,40847
i46,e09,c1,p35,l3,196
i06,e12,c5,p35,l3,323
i06,e10,c5,p18,l3,31599
i06,e10,c5,p24,l3,37466
i38,e06,c1,p35,l3,500
i06,e10,c5,p04,l4,2079
i34,e03,c5,p03,l3,88
i42,e05,c3,p08,l3,20
i06,e10,c3,p09,l3,119
i02,e01,c1,p03,l3,167
i17,e04,c5,p21,l3,84
i06,e10,c5,p17,l2,63
i38,e10,c7,p13,l3,26
i41,e09,c1,p12,l3,21
i06,e11,c5,p07,l2,564
i39,e04,c5,p07,l3,83
i14,e04,c5,p23,l3,10
i06,e11,c5,p28,l2,95
i38,e07,c1,p09,l2,23
i07,e08,c5,p07,l3,44
i38,e12,c1,p13,l3,416
i02,e08,c1,p04,l3,742
i17,e04,c5,p12,l3,37
i38,e07,c1,p06,l2,30
i03,e10,c5,p19,l3,12
i06,e04,c5,p20,l1,15
i43,e01,c1,p03,l3,9
i38,e07,c4,p06,l2,23
i12,e01,c5,p03,l3,2
i38,e07,c1,p02,l2,87
i01,e08,c1,p14,l3,9
i25,e10,c5,p04,l4,6
i05,e09,c1,p07,l3,4
i46,e01,c4,p13,l3,18
i38,e10,c1,p15,l1,29
i17,e09,c5,p12,l3,15
i05,e11,c1,p35,l3,2
i16,e08,c5,p14,l3,2
i01,e08,c1,p23,l3,22
i30,e01,c1,p28,l3,4
i16,e04,c5,p02,l3,7
i12,e04,c5,p10,l3,14
i46,e08,c4,p19,l3,3
i23,e09,c5,p04,l3,5
i21,e01,c1,p05,l3,6
i09,e04,c5,p35,l3,4
i05,e07,c1,p05,l3,1
i03,e09,c5,p18,l3,4
i38,e12,c1,p11,l3,8
i07,e12,c5,p28,l3,8
i06,e04,c3,p16,l1,2
i09,e04,c5,p20,l3,1
i16,e01,c5,p29,l3,1
i30,e01,c1,p22,l3,2
i09,e04,c5,p18,l3,2
i17,e01,c5,p20,l3,4
i13,e10,c5,p09,l3,2
i06,e05,c5,p01,l1,2
i13,e12,c5,p16,l3,2
i38,e11,c4,p21,l2,4
i42,e05,c5,p11,l3,4
i43,e01,c1,p09,l3,1
i14,e04,c5,p21,l3,1
i06,e05,c5,p32,l1,1
i19,e04,c5,p10,l3,3
i03,e01,c5,p03,l3,1
i05,e04,c1,p05,l3,1
i14,e04,c5,p18,l3,1
i06,e10,c5,p05,l3,71360
i06,e10,c5,p11,l3,52151
i06,e10,c5,p06,l4,2273
i06,e11,c5,p19,l2,1695
i07,e12,c5,p15,l3,11
i38,e10,c1,p07,l4,2855
i06,e10,c5,p21,l4,3959
i02,e08,c1,p18,l3,321
i38,e07,c1,p19,l2,287
i38,e10,c1,p13,l4,4179
i38,e10,c4,p03,l3,437
i16,e01,c5,p04,l3,6
i38,e10,c4,p13,l3,251
i38,e04,c1,p13,l1,517
i38,e10,c4,p17,l4,52
i02,e08,c1,p01,l3,404
i02,e01,c1,p04,l3,79
i38,e09,c1,p17,l2,83
i02,e01,c1,p14,l3,78
i38,e04,c1,p16,l1,23
i05,e01,c1,p29,l3,9
i38,e10,c4,p16,l4,24
i02,e01,c1,p18,l3,25
i41,e11,c1,p06,l3,14
i05,e09,c1,p15,l3,10
i38,e10,c4,p18,l3,117
i02,e01,c1,p15,l3,127
i12,e01,c5,p19,l3,10
i06,e07,c5,p07,l2,5
i38,e10,c1,p21,l2,91
i13,e11,c5,p13,l3,3
i41,e04,c1,p01,l3,15
i38,e07,c1,p12,l2,30
i05,e01,c1,p21,l3,4
i06,e11,c5,p20,l2,61
i39,e04,c5,p03,l3,33
i17,e01,c5,p12,l3,8
i06,e01,c5,p32,l3,80
i07,e04,c5,p07,l3,4
i23,e03,c5,p08,l3,15
i43,e08,c1,p35,l3,17
i16,e08,c5,p02,l3,17
i17,e01,c5,p32,l3,7
i38,e11,c4,p35,l2,7
i46,e06,c1,p35,l3,4
i16,e01,c5,p12,l3,6
i54,e04,c1,p35,l3,6
i21,e04,c1,p21,l3,2
i07,e09,c5,p10,l3,1
i34,e09,c5,p18,l3,25
i38,e08,c7,p32,l2,3
i16,e04,c5,p08,l3,4
i72,e08,c1,p10,l3,7
i03,e04,c5,p29,l3,9
i42,e05,c5,p21,l3,4
i30,e09,c1,p18,l3,6
i16,e05,c5,p16,l3,1
i02,e08,c1,p20,l3,8
i38,e10,c4,p09,l2,6
i05,e08,c1,unknown,l3,1
i14,e08,c5,p13,l3,3
i23,e01,c5,p28,l3,4
i03,e04,c5,p16,l3,3
i72,e08,c1,p35,l3,11
i27,e01,c5,p22,l3,2
i38,e10,c4,p16,l2,3
i16,e04,c5,p15,l3,1
i01,e01,c1,p25,l3,1
i41,e07,c1,p32,l3,2
i06,e09,c3,p29,l2,1
i23,e03,c5,p11,l3,1
i05,e12,c1,unknown,l3,7
i06,e09,c3,p22,l2,1
i23,e13,c5,p08,l3,2
i13,e03,c5,p15,l3,1
i20,e04,c5,p23,l3,1
i06,e11,c3,p10,l2,1
i14,e11,c5,p26,l3,1
i38,e08,c4,p19,l2,1
i01,e09,c1,p05,l3,1
i09,e09,c5,p04,l3,1
i43,e09,c1,p17,l3,1
i07,e04,c5,p23,l3,1
i34,e01,c5,p25,l3,1
i02,e11,c1,p35,l3,1
i06,e12,c5,p14,l3,138
i39,e04,c5,p28,l3,16
i06,e08,c5,p35,l2,1496
i43,e08,c1,p01,l3,1
i06,e12,c5,p16,l3,604
i06,e08,c5,p04,l2,1769
i06,e12,c5,p12,l3,237
i34,e08,c5,p04,l3,18
i06,e08,c5,p32,l2,767
i38,e07,c1,p10,l2,336
i38,e10,c1,p31,l3,588
i38,e10,c1,p02,l2,19
i05,e12,c1,p24,l3,9
i38,e06,c1,p28,l3,351
i46,e11,c4,p35,l3,228
i38,e10,c4,p17,l3,158
i23,e04,c5,p01,l3,7
i02,e01,c1,p13,l3,161
i39,e09,c5,p35,l3,330
i06,e10,c5,p21,l1,85
i06,e01,c5,p26,l3,6
i39,e01,c5,p21,l3,42
i38,e08,c1,p07,l2,476
i38,e08,c1,p13,l2,538
i01,e01,c1,p14,l3,3
i38,e10,c4,p05,l3,95
i41,e01,c1,p11,l3,26
i34,e08,c5,p19,l3,72
i34,e08,c5,p29,l3,56
i17,e01,c5,p21,l3,19
i46,e01,c1,p09,l3,5
i39,e09,c5,p10,l3,75
i34,e08,c5,p21,l3,28
i02,e09,c1,p23,l3,22
i30,e09,c1,p23,l3,1
i14,e11,c5,p19,l3,6
i30,e04,c1,p10,l3,25
i33,e08,c1,p11,l3,39
i06,e10,c5,p32,l1,35
i39,e04,c5,p05,l3,73
i06,e01,c5,p01,l3,151
i02,e01,c1,p22,l3,32
i06,e12,c5,p26,l3,16
i13,e11,c5,p12,l3,11
i46,e08,c7,p13,l3,1
i07,e12,c5,p19,l3,26
i21,e12,c1,p10,l3,41
i43,e09,c1,p24,l3,10
i01,e11,c1,p11,l3,2
i16,e09,c5,p10,l3,14
i27,e09,c5,p17,l3,3
i21,e01,c1,p19,l3,21
i05,e04,c1,p29,l3,13
i16,e04,c5,p32,l3,4
i34,e08,c5,p01,l3,16
i30,e04,c1,p07,l3,4
i07,e04,c5,p10,l3,16
i03,e09,c5,p15,l3,2
i33,e03,c1,p10,l3,15
i21,e04,c1,p03,l3,3
i41,e09,c1,p11,l3,10
i30,e01,c1,p13,l3,1
i43,e04,c1,p12,l3,9
i41,e04,c1,p04,l3,15
i38,e08,c1,unknown,l2,4
i38,e10,c1,p04,l1,9
i41,e07,c1,p17,l3,1
i23,e04,c5,p35,l3,5
i27,e08,c5,p07,l3,7
i12,e09,c5,p18,l3,1
i25,e08,c5,p11,l3,6
i43,e08,c1,p17,l3,12
i38,e12,c1,p17,l3,6
i06,e08,c3,p25,l2,14
i41,e04,c1,p17,l3,9
i41,e01,c1,p16,l3,3
i34,e01,c5,p11,l3,7
i14,e12,c5,p07,l3,1
i43,e09,c1,p18,l3,1
i48,e11,c1,p01,l3,3
i20,e04,c5,p19,l3,2
i14,e04,c5,p09,l3,5
i14,e11,c5,p32,l3,1
i46,e01,c1,p10,l3,1
i05,e08,c1,p23,l3,1
i12,e08,c5,p22,l3,1
i38,e10,c1,unknown,l4,5
i03,e01,c5,p13,l3,2
i61,e09,c1,p35,l3,2
i41,e04,c1,p31,l3,3
i20,e09,c5,p13,l3,1
i31,e12,c1,p35,l3,3
i34,e08,c5,p22,l3,8
i30,e04,c1,p29,l3,2
i14,e08,c5,p30,l3,1
i43,e08,c1,p29,l3,1
i41,e08,c1,p21,l3,4
i88,e04,c1,p35,l3,1
i54,e01,c1,p35,l3,2
i27,e10,c5,p15,l3,4
i48,e04,c1,p03,l3,1
i38,e10,c4,p15,l2,2
i27,e09,c5,p12,l3,2
i30,e09,c1,p35,l3,1
i05,e06,c1,p08,l3,1
i06,e08,c5,p17,l2,2615
i02,e08,c1,p07,l3,318
i17,e04,c5,p19,l3,113
i06,e10,c5,p01,l4,4971
i38,e06,c1,p18,l3,893
i01,e08,c1,p28,l3,16
i02,e08,c1,p12,l3,223
i02,e08,c1,p29,l3,196
i14,e08,c5,p14,l3,21
i06,e10,c5,p28,l3,9399
i06,e11,c5,p32,l2,169
i38,e10,c4,p09,l4,36
i02,e01,c1,p11,l3,244
i38,e10,c1,p26,l4,80
i06,e10,c5,p01,l1,84
i02,e09,c1,p13,l3,117
i02,e09,c1,p11,l3,196
i02,e04,c1,p21,l3,295
i03,e10,c5,p21,l3,7
i38,e08,c7,p10,l2,17
i46,e08,c4,p13,l3,5
i06,e10,c5,p02,l2,42
i06,e01,c5,p04,l3,111
i02,e09,c1,p05,l3,48
i25,e08,c5,p21,l3,8
i38,e09,c1,p01,l2,154
i18,e09,c1,p35,l3,16
i06,e01,c5,p09,l3,33
i06,e11,c5,p30,l2,27
i38,e09,c1,p22,l2,5
i23,e01,c5,p10,l3,15
i02,e04,c1,p14,l3,105
i46,e09,c4,p09,l3,6
i64,e11,c3,p35,l3,3
i08,e08,c1,p35,l3,18
i38,e10,c4,p35,l4,48
i41,e08,c1,p02,l3,27
i41,e01,c1,p12,l3,17
i38,e01,c1,unknown,l3,13
i38,e08,c1,p32,l2,86
i17,e08,c5,p24,l3,16
i07,e04,c5,p29,l3,24
i06,e11,c3,p22,l2,2
i34,e08,c5,p12,l3,13
i39,e09,c5,p22,l3,4
i12,e04,c5,p01,l3,12
i38,e09,c4,p21,l2,3
i05,e09,c1,p29,l3,2
i01,e01,c1,p11,l3,1
i07,e09,c5,p12,l3,1
i41,e09,c1,p29,l3,3
i06,e02,c5,p09,l1,1
i66,e04,c3,p10,l3,5
i29,e09,c5,p10,l3,1
i06,e07,c5,p16,l2,2
i06,e05,c5,p19,l1,5
i23,e11,c5,p07,l3,1
i01,e09,c1,p15,l3,3
i02,e11,c1,p03,l3,1
i01,e11,c1,p25,l3,2
i13,e12,c5,p13,l3,4
i43,e03,c1,p11,l3,4
i21,e01,c1,p07,l3,6
i46,e08,c1,p29,l3,1
i06,e10,c3,p35,l2,1
i05,e09,c1,p02,l3,3
i05,e08,c1,p15,l3,1
i38,e11,c4,p16,l2,1
i41,e07,c1,p05,l3,2
i34,e01,c5,p06,l3,1
i17,e01,c5,p05,l3,2
i23,e09,c5,p15,l3,4
i07,e01,c5,p11,l3,1
i14,e08,c3,p07,l3,2
i03,e01,c5,p04,l3,1
i30,e01,c1,p18,l3,1
i12,e04,c5,p13,l3,8
i06,e04,c5,p13,l1,219
i38,e10,c1,p31,l4,154
i38,e08,c1,p12,l2,144
i12,e08,c5,p12,l3,11
i38,e08,c1,p01,l2,561
i06,e12,c5,p03,l3,305
i38,e10,c1,p22,l4,663
i05,e06,c1,p10,l3,39
i46,e08,c1,p35,l3,1035
i14,e11,c5,p05,l3,7
i17,e08,c5,p22,l3,50
i02,e08,c1,p08,l3,33
i17,e11,c5,p03,l3,70
i17,e04,c5,p05,l3,23
i17,e01,c5,p03,l3,21
i38,e08,c1,p16,l2,365
i39,e01,c5,p13,l3,42
i17,e09,c5,p10,l3,71
i06,e10,c5,p18,l1,45
i06,e10,c5,p23,l4,1471
i41,e04,c1,p07,l3,8
i32,e04,c5,p35,l3,6
i41,e09,c1,p14,l3,6
i41,e11,c1,p13,l3,70
i17,e01,c5,p11,l3,20
i21,e04,c1,p19,l3,22
i06,e01,c5,p12,l3,94
i06,e10,c5,p15,l1,129
i46,e09,c1,p05,l3,8
i02,e01,c1,p23,l3,21
i38,e10,c1,p29,l1,3
i06,e10,c5,p06,l1,43
i34,e08,c5,p15,l3,21
i05,e12,c1,p01,l3,9
i38,e07,c1,p11,l2,92
i06,e10,c3,p23,l4,58
i34,e04,c5,p16,l3,34
i17,e01,c5,p02,l3,15
i06,e02,c5,p05,l1,3
i39,e04,c5,p26,l3,10
i17,e11,c5,p25,l3,27
i03,e04,c5,p24,l3,2
i17,e11,c5,p07,l3,23
i02,e08,c4,p35,l3,4
i03,e01,c5,p18,l3,10
i05,e09,c1,p19,l3,27
i20,e08,c5,p19,l3,2
i38,e10,c1,unknown,l4,10
i33,e08,c1,p07,l3,20
i38,e04,c4,p10,l1,12
i05,e09,c1,p01,l3,2
i17,e09,c5,p14,l3,12
i02,e04,c1,p28,l3,2
i17,e04,c5,p20,l3,7
i46,e04,c4,p09,l3,1
i16,e11,c5,p19,l3,1
i34,e01,c5,p07,l3,4
i06,e02,c5,p12,l1,3
i16,e04,c5,p22,l3,2
i38,e08,c4,p06,l2,1
i07,e04,c5,p04,l3,4
unknown,e04,c1,p35,l3,2
i42,e02,c5,p22,l3,1
i27,e10,c5,p35,l3,6
i50,e04,c1,p35,l3,5
i01,e11,c1,p18,l3,2
i01,e09,c1,p06,l3,1
i14,e11,c5,p11,l3,5
i41,e04,c1,p08,l3,1
i01,e08,c1,p09,l3,1
i34,e09,c5,p17,l3,4
i41,e11,c1,p28,l3,1
i17,e01,c5,p17,l3,1
i102,e08,c5,p18,l3,1
i02,e04,c4,p07,l3,1
i38,e12,c1,p04,l3,1
i05,e09,c1,p17,l3,1
i07,e12,c5,p29,l3,3
i41,e07,c1,p13,l3,1
i13,e03,c5,p28,l3,1
i42,e05,c3,p05,l3,1
i06,e10,c3,p10,l1,1
i67,e01,c5,p24,l3,1
i47,e01,c1,p35,l3,347
i06,e10,c5,p28,l4,977
i38,e04,c1,p21,l1,57
i34,e04,c5,p10,l3,44
i06,e11,c5,p22,l2,170
i38,e10,c1,p24,l1,18
i06,e10,c5,p12,l4,3078
i38,e06,c1,p15,l3,2415
i06,e04,c5,p03,l1,196
i38,e09,c1,p23,l2,5
i17,e04,c5,p31,l3,20
i06,e09,c5,p09,l2,23
i06,e04,c5,p31,l1,12
i38,e11,c1,p21,l2,232
i01,e11,c1,p35,l3,21
i02,e09,c1,p12,l3,58
i15,e09,c6,p35,l3,64
i38,e08,c1,p15,l2,180
i38,e09,c1,p13,l2,265
i38,e11,c1,p17,l2,208
i14,e12,c5,p10,l3,121
i07,e01,c5,p12,l3,2
i06,e10,c5,p09,l1,27
i38,e10,c4,p21,l4,37
i02,e04,c1,p05,l3,42
i38,e10,c4,p18,l4,36
i06,e10,c3,p06,l3,111
i41,e08,c1,p03,l3,18
i38,e10,c4,p13,l4,50
i39,e09,c5,p17,l3,34
i38,e12,c1,p16,l3,34
i13,e08,c5,p09,l3,46
i38,e11,c1,p06,l2,76
i38,e10,c1,p29,l2,39
i06,e09,c5,p25,l2,38
i05,e03,c1,p01,l3,9
i21,e09,c1,p22,l3,8
i06,e07,c5,p15,l2,7
i02,e01,c1,p02,l3,22
i07,e08,c5,p19,l3,2
i43,e01,c1,p06,l3,2
i38,e06,c4,p04,l3,32
i21,e03,c1,p20,l3,1
i48,e11,c1,p03,l3,10
i02,e01,c1,p24,l3,14
i01,e08,c1,p22,l3,28
i30,e04,c1,p19,l3,30
i47,e04,c4,p35,l3,4
i06,e10,c3,p01,l4,7
i38,e10,c1,p08,l1,15
i41,e04,c1,p12,l3,18
i21,e04,c1,p07,l3,7
i17,e09,c5,p03,l3,16
i21,e01,c1,p01,l3,3
i34,e01,c5,p08,l3,11
i34,e03,c5,p23,l3,14
i46,e01,c4,p15,l3,2
i34,e01,c5,p21,l3,7
i30,e01,c1,p11,l3,3
i30,e01,c1,p10,l3,14
i38,e08,c4,p01,l2,2
i16,e09,c5,p21,l3,4
i46,e04,c7,p35,l3,3
i16,e09,c5,p23,l3,2
i38,e12,c1,p14,l3,8
i38,e11,c4,p11,l2,5
i46,e01,c1,p01,l3,3
i17,e09,c5,p22,l3,5
i01,e08,c1,p19,l3,20
i43,e09,c1,p21,l3,4
i14,e05,c5,p19,l3,4
i05,e06,c1,p24,l3,2
i43,e08,c1,p11,l3,1
i34,e09,c5,p13,l3,3
i38,e05,c1,p06,l1,1
i07,e04,c5,p12,l3,2
i02,e04,c4,p15,l3,3
i03,e10,c5,p29,l3,2
i13,e03,c5,p16,l3,1
i48,e04,c1,p35,l3,1
i17,e01,c5,p28,l3,1
i16,e04,c5,p23,l3,4
i42,e05,c3,p09,l3,1
i01,e08,c1,p04,l3,2
i38,e10,c4,p07,l2,1
i38,e12,c1,p28,l3,1
i20,e09,c5,p32,l3,1
i19,e03,c5,p10,l3,1
i17,e04,c3,p09,l3,1
i46,e01,c1,p25,l3,2
i38,e04,c1,p31,l1,1
i38,e10,c4,p24,l1,1
i06,e08,c3,p29,l2,1
i12,e01,c5,p01,l3,1
i33,e03,c1,p24,l3,1
i44,e04,c3,p24,l3,1
i09,e01,c5,p01,l3,1
i06,e08,c5,p22,l2,1025
i06,e10,c5,p07,l3,49424
i06,e08,c5,p33,l2,63
i38,e10,c1,p14,l4,1401
i06,e12,c5,p24,l3,259
i06,e09,c5,p15,l2,143
i38,e10,c1,p21,l4,2673
i06,e04,c5,p15,l1,302
i38,e08,c1,p11,l2,186
i28,e08,c1,p35,l3,67156
i34,e03,c5,p35,l3,183
i21,e03,c1,p10,l3,37
i05,e06,c1,p19,l3,26
i34,e01,c5,p18,l3,15
i38,e11,c1,p08,l2,61
i48,e11,c1,p35,l3,6
i02,e08,c1,p17,l3,182
i38,e09,c1,p29,l2,66
i38,e11,c1,p32,l2,36
i38,e09,c1,p11,l2,88
i32,e11,c5,p35,l3,43
i06,e09,c5,p17,l2,74
i02,e09,c1,p21,l3,102
i38,e09,c1,p24,l2,52
i38,e07,c1,p13,l2,75
i12,e04,c5,p11,l3,3
i21,e09,c1,p20,l3,10
i67,e10,c5,p04,l3,2
i41,e01,c1,p24,l3,11
i06,e02,c5,p04,l1,2
i34,e01,c5,p15,l3,11
i13,e08,c5,p23,l3,39
i41,e01,c1,p35,l3,37
i06,e10,c3,p02,l3,100
i06,e10,c5,p04,l1,34
i38,e10,c1,p06,l2,14
i41,e07,c1,p10,l3,37
i41,e11,c1,p21,l3,19
i06,e10,c5,p31,l2,27
i34,e08,c5,p31,l3,15
i49,e10,c1,p01,l3,35
i38,e06,c4,p15,l3,25
i38,e06,c4,p12,l3,12
i38,e11,c4,p24,l2,5
i49,e11,c1,p33,l3,1
i30,e04,c1,p35,l3,2
i41,e07,c1,p29,l3,16
i39,e09,c5,p06,l3,9
i34,e03,c5,p24,l3,33
i39,e04,c5,p16,l3,17
i19,e08,c5,p35,l3,7
i16,e04,c5,p12,l3,7
i21,e04,c1,p20,l3,3
i01,e08,c1,p12,l3,4
i38,e10,c4,p23,l4,13
i05,e04,c1,p10,l3,7
i39,e09,c5,p31,l3,9
i38,e01,c1,p08,l3,9
i38,e09,c7,p13,l2,1
i38,e09,c1,unknown,l2,5
i38,e10,c1,unknown,l3,4
i05,e01,c1,p07,l3,2
i27,e04,c5,p15,l3,4
i43,e04,c1,p21,l3,1
i21,e01,c1,p12,l3,3
i41,e01,c1,p22,l3,4
i30,e01,c1,p23,l3,4
i14,e12,c5,p19,l3,3
i06,e09,c5,p31,l2,2
i30,e04,c1,p11,l3,2
i06,e05,c5,p04,l1,1
i05,e03,c1,p02,l3,1
i25,e03,c5,p19,l3,1
i63,e11,c1,p01,l3,1
i01,e04,c1,p15,l3,2
i03,e04,c5,p14,l3,1
i12,e09,c5,p10,l3,2
i13,e05,c5,p23,l3,1
i39,e09,c5,p23,l3,1
i38,e05,c1,p17,l1,1
i02,e01,c4,p07,l3,1
i16,e11,c5,p02,l3,1
i02,e01,c4,p17,l3,1
i02,e08,c1,p14,l3,489
i06,e11,c5,p05,l2,672
i06,e01,c5,p19,l3,295
i23,e08,c5,p18,l3,12
i06,e08,c5,p23,l2,1209
i06,e11,c5,p03,l2,636
i38,e10,c1,p21,l3,13526
i47,e04,c1,p35,l3,302
i06,e01,c5,p14,l3,42
i06,e04,c5,p07,l1,370
i06,e04,c5,p01,l1,363
i06,e08,c5,p18,l2,1245
i46,e09,c1,p03,l3,3
i06,e12,c5,p11,l3,436
i05,e03,c1,p11,l3,25
i16,e08,c5,p03,l3,14
i02,e01,c1,p01,l3,221
i38,e10,c1,p15,l4,3167
i38,e01,c1,p14,l3,49
i17,e09,c5,p16,l3,7
i38,e08,c1,p09,l2,468
i38,e11,c1,p01,l2,340
i06,e09,c5,p32,l2,33
i06,e10,c5,p29,l2,31
i17,e11,c5,p06,l3,52
i38,e06,c7,p10,l3,64
i37,e10,c5,p33,l3,62
i05,e08,c1,p07,l3,31
i06,e10,c5,p12,l1,51
i63,e10,c1,p01,l4,13
i06,e09,c5,p14,l2,34
i34,e03,c5,p20,l3,6
i46,e09,c1,p09,l3,8
i38,e06,c1,unknown,l3,32
i38,e01,c1,unknown,l3,19
i43,e08,c1,p07,l3,37
i05,e12,c1,p17,l3,10
i23,e09,c5,p19,l3,3
i23,e09,c5,p01,l3,3
i06,e05,c5,p13,l1,2
i41,e09,c1,p35,l3,49
i38,e06,c4,p28,l3,12
i02,e08,c1,p15,l3,510
i38,e06,c1,unknown,l3,12
i39,e09,c5,p28,l3,24
i14,e08,c5,p07,l3,19
i17,e08,c5,p21,l3,70
i38,e10,c1,p03,l1,33
i06,e10,c3,p06,l1,1
i23,e01,c5,p02,l3,1
i01,e04,c1,p07,l3,4
i13,e01,c5,p23,l3,3
i12,e01,c5,p12,l3,1
i19,e01,c5,p35,l3,2
i13,e08,c5,p06,l3,15
i34,e09,c5,p05,l3,6
i97,e01,c1,p35,l3,1
i30,e04,c1,p14,l3,3
i41,e09,c1,p17,l3,5
i16,e08,c5,p29,l3,7
i05,e08,c1,p08,l3,4
i21,e04,c1,p29,l3,6
i16,e01,c5,p05,l3,7
i46,e11,c1,p10,l3,2
i46,e08,c1,p06,l3,4
i05,e12,c1,p08,l3,2
i14,e04,c5,p03,l3,4
i05,e04,c1,p03,l3,1
i01,e08,c1,p24,l3,8
i05,e04,c1,p01,l3,1
i13,e11,c5,p04,l3,1
i06,e12,c3,p17,l3,2
i38,e10,c1,p30,l1,1
i19,e10,c5,p10,l2,3
i03,e04,c5,p03,l3,3
i38,e11,c4,p23,l2,1
i46,e08,c1,p03,l3,1
i12,e04,c5,p07,l3,1
i13,e09,c5,p10,l3,3
i23,e03,c5,p17,l3,1
i48,e04,c1,p19,l3,1
i06,e09,c5,p26,l2,1
i22,e02,c5,p15,l3,1
i19,e09,c5,p35,l3,1
i06,e04,c3,p12,l1,1
i38,e01,c1,p20,l3,1
i32,e09,c5,p35,l3,1
i17,e09,c3,p19,l3,1
i06,e08,c5,p24,l2,2760
i06,e10,c5,p10,l3,191597
i06,e08,c5,p25,l2,998
i34,e04,c5,p22,l3,7
i06,e10,c5,p22,l3,11011
i38,e10,c1,p28,l4,447
i02,e08,c1,p03,l3,858
i38,e10,c4,p10,l3,1513
i06,e12,c5,p06,l3,241
i16,e01,c5,p11,l3,19
i12,e04,c5,p03,l3,5
i06,e04,c5,p29,l1,307
i02,e08,c1,p16,l3,73
i38,e10,c1,p18,l4,1410
i06,e12,c5,p32,l3,93
i38,e01,c1,p04,l3,65
i38,e10,c1,p19,l1,102
i06,e10,c5,p10,l1,186
i39,e04,c5,p19,l3,113
i31,e09,c1,p35,l3,8
i01,e08,c1,p11,l3,28
i38,e10,c1,p01,l2,129
i05,e01,c1,p04,l3,1
i38,e09,c1,p05,l2,31
i17,e11,c5,p21,l3,91
i74,e08,c5,p35,l3,2
i13,e11,c5,p10,l3,80
i38,e11,c4,p19,l2,7
i06,e10,c3,p17,l4,21
i38,e07,c1,p04,l2,9
i19,e10,c5,p35,l1,1
i34,e01,c5,p14,l3,23
i01,e04,c1,p24,l3,2
i16,e08,c5,p12,l3,7
i43,e09,c1,p15,l3,2
i02,e04,c1,p25,l3,12
i38,e06,c4,p11,l3,13
i17,e01,c5,p31,l3,8
i14,e09,c5,p32,l3,2
i14,e01,c5,p10,l3,3
i14,e08,c5,p06,l3,8
i05,e06,c1,p01,l3,10
i39,e01,c5,p31,l3,8
i41,e09,c1,p03,l3,9
i05,e06,c1,p07,l3,5
i17,e04,c5,p06,l3,11
i32,e01,c5,p35,l3,2
i01,e09,c1,p29,l3,4
i21,e01,c1,p03,l3,5
i38,e01,c4,p17,l3,2
i27,e01,c5,p21,l3,1
i05,e01,c1,p14,l3,2
i16,e04,c5,p07,l3,8
i07,e12,c5,p02,l3,2
i38,e11,c1,unknown,l2,1
i14,e11,c5,p14,l3,1
i12,e04,c5,p12,l3,3
i14,e08,c5,p08,l3,1
i34,e04,c5,p28,l3,4
i75,e04,c1,p35,l3,2
i136,e04,c1,p10,l3,1
i46,e01,c1,p23,l3,1
i23,e03,c5,p14,l3,2
i12,e09,c5,p13,l3,1
i41,e08,c1,p07,l3,1
i30,e09,c1,p24,l3,1
i61,e11,c4,p35,l3,2
i30,e01,c1,p16,l3,1
i38,e10,c1,p33,l3,1
i38,e10,c1,p10,l3,96769
i38,e09,c1,p04,l2,40
i06,e10,c5,p13,l3,37798
i06,e10,c5,p15,l3,75478
i06,e10,c5,p01,l3,61948
i06,e04,c5,p19,l1,705
i38,e01,c1,p17,l3,68
i38,e10,c1,p10,l2,3241
i06,e01,c5,p05,l3,161
i02,e08,c1,p23,l3,92
i06,e08,c5,p30,l2,96
i17,e08,c5,p01,l3,103
i38,e10,c1,p12,l4,2649
i17,e08,c5,p08,l3,3
i06,e01,c5,p21,l3,125
i06,e04,c5,p12,l1,129
i38,e10,c1,unknown,l1,2
i06,e10,c5,p25,l4,1048
i17,e04,c5,p24,l3,22
i06,e10,c3,p21,l3,146
i34,e03,c5,p12,l3,103
i02,e01,c1,p21,l3,77
i38,e07,c1,p24,l2,66
i06,e01,c5,p23,l3,20
i63,e08,c1,p10,l3,15
i34,e09,c5,p01,l3,16
i38,e06,c4,p03,l3,89
i38,e06,c4,p01,l3,75
i38,e10,c4,p29,l3,177
i06,e10,c5,p30,l2,18
i23,e12,c5,p28,l3,11
i41,e07,c1,p35,l3,25
i38,e10,c1,p23,l2,15
i06,e10,c3,p04,l3,18
i34,e08,c5,p07,l3,35
i01,e01,c1,p01,l3,7
i46,e11,c1,p26,l3,115
i06,e10,c3,p13,l3,21
i34,e03,c5,p17,l3,37
i38,e09,c1,p02,l2,15
i12,e09,c5,p19,l3,8
i38,e08,c1,p35,l2,19
i38,e07,c4,p29,l2,3
i01,e08,c1,p17,l3,1
i23,e01,c5,p17,l3,2
i34,e09,c5,p25,l3,1
i34,e04,c5,p08,l3,16
i02,e08,c1,p28,l3,7
i34,e01,c5,p03,l3,9
i06,e05,c5,p16,l1,2
i03,e11,c5,p35,l3,15
i46,e11,c4,p07,l3,6
i34,e01,c5,p10,l3,27
i21,e12,c1,p17,l3,1
i34,e04,c5,p32,l3,12
i05,e12,c1,p20,l3,7
i13,e01,c5,p06,l3,4
i21,e03,c1,p11,l3,4
i38,e09,c1,p35,l2,8
i23,e01,c5,p04,l3,1
i38,e07,c1,p18,l2,20
i41,e07,c1,p25,l3,1
i38,e10,c1,unknown,l3,6
i12,e01,c5,p13,l3,3
i29,e04,c5,p07,l3,1
i38,e10,c7,p07,l4,3
i46,e04,c1,p05,l3,3
i05,e04,c1,unknown,l3,2
i06,e04,c5,p33,l1,1
i75,e01,c1,p35,l3,1
i23,e09,c5,p23,l3,2
i25,e08,c5,p10,l3,4
i25,e10,c5,p10,l4,4
i38,e11,c4,p12,l2,2
i34,e08,c5,p28,l3,5
i42,e05,c5,p09,l3,1
i23,e08,c5,p05,l3,3
i01,e04,c1,p21,l3,2
i01,e01,c1,p19,l3,1
i38,e08,c4,p32,l2,1
i06,e12,c3,p18,l3,1
i41,e08,c1,p24,l3,2
i41,e07,c1,p06,l3,2
i38,e12,c1,p18,l3,2
i21,e04,c1,p12,l3,1
i43,e05,c1,p07,l3,1
i46,e01,c4,p23,l3,1
i06,e11,c5,p10,l2,2191
i06,e10,c5,p04,l3,26837
i38,e10,c1,p29,l3,6081
i01,e04,c1,p35,l3,57
i06,e12,c5,p01,l3,363
i02,e04,c1,p10,l3,422
i38,e10,c1,p03,l4,4722
i34,e04,c5,p23,l3,2
i17,e08,c5,p19,l3,62
i38,e08,c1,p24,l2,281
i38,e10,c1,p17,l4,2187
i14,e08,c3,p10,l3,26
i06,e11,c5,p09,l2,159
i02,e04,c1,p13,l3,197
i15,e01,c6,p35,l3,70
i02,e09,c1,p07,l3,123
i19,e10,c5,p35,l3,234
i38,e04,c1,p11,l1,60
i13,e08,c5,p05,l3,20
i80,e09,c3,p35,l3,3
i39,e09,c5,p01,l3,34
i38,e10,c4,p11,l3,289
i06,e10,c3,p23,l3,447
i38,e04,c1,p03,l1,99
i27,e04,c5,p24,l3,3
i38,e09,c1,p08,l2,17
i38,e09,c1,p14,l2,36
i43,e01,c1,p19,l3,11
i39,e01,c5,p20,l3,5
i38,e10,c1,unknown,l4,17
i41,e09,c1,p15,l3,11
i39,e01,c5,p18,l3,19
i27,e04,c5,p19,l3,7
i05,e12,c1,p19,l3,47
i05,e01,c1,p10,l3,34
i06,e10,c5,p17,l1,73
i13,e04,c5,p23,l3,16
i21,e01,c1,p20,l3,2
i34,e01,c5,p24,l3,7
i23,e09,c5,p05,l3,3
i06,e10,c3,p22,l3,4
i38,e01,c1,p23,l3,13
i23,e09,c5,p16,l3,3
i38,e10,c4,p05,l4,11
i38,e10,c1,unknown,l4,15
i63,e03,c1,p10,l3,1
i17,e01,c5,p23,l3,4
i14,e08,c5,p28,l3,13
i27,e01,c5,p10,l3,3
i30,e01,c1,p35,l3,1
i21,e09,c1,p02,l3,2
i33,e10,c1,p08,l3,3
i23,e04,c5,p32,l3,1
i17,e11,c5,p09,l3,7
i17,e11,c5,p32,l3,5
i07,e08,c5,p15,l3,4
i06,e10,c5,p26,l1,2
i30,e04,c1,p01,l3,2
i46,e08,c4,p20,l3,2
i46,e04,c1,p01,l3,4
i13,e10,c5,p01,l3,1
i29,e04,c5,p15,l3,1
i42,e05,c5,p24,l3,1
i23,e05,c5,p29,l3,1
i06,e10,c5,p30,l1,1
i17,e08,c5,p20,l3,1
i30,e09,c1,p04,l3,1
i30,e09,c1,p02,l3,1
i17,e04,c5,p25,l3,2
i14,e11,c5,p08,l3,5
i20,e09,c5,p35,l3,1
i14,e11,c5,p17,l3,1
i05,e12,c1,p06,l3,1
i32,e11,c5,p13,l3,1
i25,e03,c5,p06,l3,1
i05,e06,c1,p02,l3,1
i38,e08,c1,p10,l2,2541
i38,e10,c1,p05,l3,15295
i06,e08,c5,p29,l2,2549
i46,e08,c1,p05,l3,1
i46,e11,c1,p13,l3,18
i38,e10,c1,p32,l3,2156
i06,e09,c5,p10,l2,353
i39,e04,c5,p08,l3,37
i06,e09,c5,p06,l2,62
i06,e11,c5,p26,l2,47
i06,e01,c5,p16,l3,87
i38,e01,c1,p24,l3,45
i38,e10,c1,p22,l3,2391
i38,e08,c1,p29,l2,149
i06,e04,c5,p28,l1,40
i05,e03,c1,p17,l3,4
i07,e08,c5,p10,l3,175
i03,e09,c5,p05,l3,7
i14,e08,c5,p05,l3,58
i03,e01,c5,p07,l3,4
i05,e12,c1,p03,l3,49
i66,e09,c3,p35,l3,3
i06,e09,c5,p24,l2,65
i46,e11,c1,p03,l3,11
i38,e06,c1,p09,l3,468
i23,e04,c5,p03,l3,11
i17,e09,c5,p21,l3,12
i38,e12,c1,p05,l3,190
i06,e10,c3,p03,l3,452
i06,e10,c5,p24,l2,61
i06,e10,c5,p26,l4,157
i06,e10,c3,p17,l3,556
i06,e10,c5,p05,l1,77
i06,e10,c3,p24,l3,257
i38,e10,c1,p17,l1,16
i21,e09,c1,p24,l3,1
i38,e10,c7,p10,l2,41
i46,e08,c1,p19,l3,132
i28,e01,c1,p35,l3,3
i46,e08,c4,p24,l3,8
i01,e11,c1,p10,l3,4
i23,e13,c5,p35,l3,12
i06,e10,c5,p28,l2,43
i38,e10,c1,p32,l1,19
i34,e03,c5,p14,l3,29
i17,e11,c5,p18,l3,42
i38,e11,c4,p15,l2,6
i03,e04,c5,p15,l3,3
i34,e04,c5,p09,l3,20
i22,e05,c5,p17,l3,3
i39,e01,c5,p28,l3,26
i01,e08,c1,p15,l3,18
i38,e04,c4,p08,l1,24
i63,e10,c1,p35,l2,16
i144,e01,c5,p10,l3,1
i05,e08,c1,p01,l3,13
i38,e06,c1,unknown,l3,12
i38,e09,c1,p31,l2,4
i38,e10,c1,unknown,l3,40
i88,e11,c1,p35,l3,5
i12,e01,c5,p05,l3,1
i13,e04,c5,p06,l3,3
i06,e01,c3,p22,l3,3
i41,e08,c1,p18,l3,5
i41,e01,c1,p29,l3,8
i41,e01,c1,p07,l3,8
i27,e01,c5,p15,l3,2
i38,e05,c1,p12,l1,1
i39,e01,c5,p06,l3,6
i30,e01,c1,p07,l3,2
i46,e01,c7,p35,l3,7
i16,e01,c5,p03,l3,5
i38,e05,c1,p08,l1,1
i01,e05,c1,p35,l3,1
i39,e09,c5,p32,l3,5
i39,e01,c5,p14,l3,8
i06,e01,c3,p19,l3,3
i23,e03,c5,p23,l3,1
i09,e01,c5,p19,l3,1
i38,e08,c4,p13,l2,3
i43,e03,c1,p28,l3,1
i23,e13,c5,p07,l3,1
i44,e08,c3,p24,l3,1
i09,e09,c5,p17,l3,1
i33,e04,c1,p10,l3,1
i38,e10,c1,p19,l3,45105
i38,e06,c1,p04,l3,850
i17,e04,c5,p01,l3,176
i38,e01,c1,p19,l3,303
i06,e12,c5,p29,l3,233
i38,e10,c1,p15,l3,16474
i46,e01,c1,p35,l3,246
i06,e08,c5,p26,l2,138
i23,e03,c5,p07,l3,16
i38,e04,c1,p24,l1,64
i34,e08,c5,p10,l3,60
i06,e11,c5,p04,l2,394
i02,e08,c1,p10,l3,1150
i06,e01,c5,p06,l3,80
i02,e08,c1,p22,l3,126
i39,e04,c5,p22,l3,30
i13,e04,c5,p15,l3,4
i13,e08,c5,p21,l3,24
i01,e08,c1,p13,l3,9
i18,e01,c1,p35,l3,15
i06,e12,c5,p28,l3,34
i30,e04,c1,p22,l3,9
i23,e03,c5,p28,l3,5
i34,e08,c5,p24,l3,15
i39,e04,c5,p01,l3,47
i23,e09,c5,p07,l3,17
i34,e04,c5,p12,l3,2
i06,e04,c5,p25,l1,80
i06,e10,c3,p16,l3,114
i38,e10,c1,p26,l3,386
i02,e01,c1,p17,l3,81
i42,e05,c3,p11,l3,29
i17,e11,c5,p01,l3,138
i38,e06,c4,p18,l3,78
i39,e01,c5,p08,l3,28
i02,e04,c1,p24,l3,30
i23,e08,c5,p19,l3,69
i42,e05,c3,p07,l3,9
i21,e04,c1,p05,l3,3
i46,e11,c1,p33,l3,43
i39,e01,c5,p17,l3,32
i38,e01,c1,p29,l3,68
i39,e04,c5,p31,l3,4
i34,e03,c5,p06,l3,29
i05,e12,c1,p14,l3,8
i43,e01,c1,p35,l3,15
i39,e04,c5,p14,l3,17
i38,e04,c1,p32,l1,13
i43,e08,c1,p24,l3,2
i38,e10,c1,p04,l2,43
i29,e09,c5,p15,l3,2
i13,e08,c5,p13,l3,5
i38,e11,c1,p28,l2,41
i25,e03,c5,p04,l3,1
i21,e05,c1,p10,l3,1
i30,e01,c1,p29,l3,3
i05,e05,c1,p35,l3,2
i38,e10,c4,p21,l1,2
i43,e04,c1,p10,l3,7
i49,e08,c1,p33,l3,6
i41,e01,c1,p09,l3,3
i23,e03,c5,p24,l3,18
i38,e08,c4,p07,l2,3
i14,e11,c5,p29,l3,3
i16,e09,c5,p05,l3,3
i41,e11,c1,p11,l3,9
i13,e10,c5,p14,l3,1
i46,e08,c1,p07,l3,1
i24,e08,c1,p19,l3,7
i05,e12,c1,p05,l3,3
i07,e12,c5,p11,l3,2
i06,e11,c3,p23,l2,1
i05,e03,c1,p03,l3,1
i41,e07,c1,p15,l3,4
i43,e07,c1,p21,l3,1
i16,e09,c5,p03,l3,4
i42,e05,c5,p08,l3,2
i12,e01,c5,p24,l3,1
i09,e04,c5,p19,l3,2
i67,e01,c5,p05,l3,1
i01,e04,c1,p17,l3,1
i23,e13,c5,p12,l3,2
i22,e05,c5,p15,l3,1
i03,e09,c5,p14,l3,2
i16,e11,c5,p29,l3,1
i25,e04,c5,p28,l3,1
i13,e12,c5,p04,l3,2
i27,e04,c3,p22,l3,4
i30,e09,c1,p12,l3,1
i07,e04,c5,p18,l3,2
i46,e11,c1,p28,l3,1
i06,e05,c5,p35,l1,4
i02,e08,c4,p25,l3,1
i14,e09,c5,p02,l3,1
i01,e08,c1,p18,l3,1
i38,e05,c1,p14,l1,1
i104,e05,c5,p25,l3,1
i05,e01,c1,p24,l3,1
i66,e01,c3,p01,l3,1
i17,e08,c5,p11,l3,42
i15,e01,c2,p35,l3,2311
i06,e10,c5,p03,l4,4098
i07,e12,c5,p35,l3,1019
i38,e10,c1,p03,l3,24353
i06,e10,c5,p29,l4,2372
i06,e04,c5,p08,l1,57
i38,e06,c4,p10,l3,164
i34,e04,c5,p19,l3,51
i39,e04,c5,p10,l3,151
i01,e08,c1,p01,l3,39
i38,e06,c1,p22,l3,448
i43,e01,c1,p01,l3,11
i02,e08,c1,p25,l3,147
i06,e11,c5,p02,l2,386
i23,e08,c5,p07,l3,5
i38,e01,c1,p12,l3,32
i38,e10,c4,p21,l3,139
i38,e06,c1,p06,l3,771
i38,e10,c1,p03,l2,53
i21,e01,c1,p10,l3,19
i17,e04,c5,p14,l3,34
i17,e08,c5,p14,l3,15
i06,e10,c5,p33,l3,55
i38,e11,c4,p10,l2,25
i38,e09,c1,p12,l2,42
i19,e10,c5,p35,l4,47
i06,e10,c5,p24,l1,73
i03,e10,c5,p05,l3,19
i38,e05,c1,p19,l1,5
i05,e04,c1,p14,l3,18
i39,e04,c5,p06,l3,29
i41,e04,c1,p19,l3,20
i41,e08,c1,p19,l3,67
i02,e09,c1,p29,l3,41
i23,e08,c5,p35,l3,10
i14,e13,c5,p16,l3,1
i30,e09,c1,p17,l3,5
i34,e03,c5,p05,l3,62
i06,e10,c3,p24,l4,17
i34,e03,c5,p16,l3,63
i16,e08,c5,p17,l3,5
i13,e08,c5,p17,l3,3
i46,e08,c1,p21,l3,19
i12,e04,c5,p15,l3,13
i32,e11,c5,p15,l3,11
i38,e10,c1,p21,l1,25
i17,e09,c5,p09,l3,3
i26,e11,c1,p35,l3,20
i03,e10,c5,p14,l3,6
i48,e04,c1,p15,l3,1
i68,e04,c1,p35,l3,5
i13,e03,c5,p29,l3,1
i01,e08,c1,p05,l3,1
i25,e10,c5,p12,l4,6
i38,e12,c1,p23,l3,1
i38,e07,c4,p12,l2,10
i17,e09,c5,p30,l3,2
i06,e10,c5,p33,l4,14
i06,e08,c3,p22,l2,3
i03,e01,c5,p24,l3,1
i23,e09,c5,p09,l3,3
i46,e04,c4,p23,l3,2
i05,e04,c1,p11,l3,2
i17,e01,c5,p35,l3,4
i27,e09,c5,p13,l3,5
i21,e04,c1,p13,l3,1
i38,e11,c4,p03,l2,4
i12,e09,c5,p25,l3,1
i01,e09,c1,p12,l3,2
i42,e05,c3,p21,l3,2
i38,e11,c7,p32,l2,1
i27,e01,c5,p29,l3,1
i66,e09,c3,p11,l3,2
i06,e04,c3,p10,l1,2
i06,e02,c5,p10,l1,4
i27,e09,c5,p10,l3,1
i38,e08,c1,p19,l2,1070
i06,e12,c5,p19,l3,1090
i17,e08,c5,p17,l3,33
i06,e08,c5,p13,l2,2408
i06,e08,c5,p20,l2,245
i38,e10,c1,p01,l4,3852
i06,e08,c5,p31,l2,26
i06,e11,c5,p25,l2,401
i38,e10,c1,p18,l3,6510
i06,e04,c5,p16,l1,249
i38,e10,c1,p25,l4,402
i14,e08,c5,p15,l3,91
i02,e09,c1,p19,l3,560
i06,e11,c5,p11,l2,497
i47,e09,c1,p35,l3,321
i38,e01,c1,p07,l3,124
i07,e12,c5,p10,l3,75
i23,e02,c5,p28,l3,1
i07,e08,c5,p23,l3,3
i02,e04,c1,p15,l3,86
i06,e10,c5,p07,l4,3414
i02,e09,c1,p03,l3,133
i06,e11,c3,p21,l2,22
i19,e11,c5,p10,l3,187
i38,e11,c1,p13,l2,343
i39,e04,c5,p32,l3,17
i38,e07,c1,p05,l2,79
i97,e09,c1,p35,l3,2
i34,e04,c5,p24,l3,14
i39,e01,c5,p24,l3,25
i17,e04,c5,p18,l3,41
i07,e12,c5,p08,l3,2
i43,e09,c1,p03,l3,8
i06,e10,c5,p16,l1,60
i21,e01,c1,p24,l3,13
i75,e08,c1,p35,l3,41
i47,e01,c4,p35,l3,4
i22,e05,c5,p35,l3,33
i06,e08,c3,p17,l2,8
i01,e09,c1,p35,l3,38
i38,e07,c1,p15,l2,51
i43,e04,c1,p07,l3,24
i06,e10,c3,p21,l4,16
i34,e09,c5,p07,l3,12
i02,e01,c1,p09,l3,17
i17,e01,c5,p15,l3,13
i41,e01,c1,p04,l3,12
i17,e11,c5,p02,l3,49
i41,e09,c1,p10,l3,25
i46,e11,c1,p17,l3,7
i07,e08,c5,p02,l3,31
i05,e03,c1,p19,l3,5
i90,e03,c1,p10,l3,9
i23,e03,c5,p19,l3,14
i38,e06,c4,p07,l3,12
i33,e10,c1,p10,l3,11
i14,e08,c5,p18,l3,4
i38,e10,c1,unknown,l3,7
i23,e09,c5,p29,l3,5
i05,e04,c1,p35,l3,36
i43,e09,c1,p28,l3,4
i46,e06,c1,p15,l3,1
i48,e11,c1,p23,l3,8
i100,e01,c5,p35,l3,2
i14,e11,c5,p28,l3,1
i21,e04,c1,p25,l3,1
i21,e09,c1,p25,l3,2
i27,e10,c5,p04,l3,2
i39,e04,c3,p35,l3,2
i34,e09,c5,p31,l3,2
i30,e04,c1,p12,l3,1
i13,e12,c5,p06,l3,3
i03,e09,c5,p17,l3,1
i06,e05,c5,p12,l1,2
i13,e09,c5,p19,l3,2
i06,e07,c5,p24,l2,4
i23,e01,c5,p16,l3,1
i38,e04,c4,p04,l1,1
i01,e04,c1,p12,l3,1
i05,e06,c1,p23,l3,2
i09,e04,c5,p07,l3,1
i74,e04,c5,p07,l3,1
i42,e05,c5,p02,l3,1
i14,e11,c5,p18,l3,1
i13,e10,c5,p19,l3,1
i14,e11,c5,p13,l3,1
i41,e01,c1,p15,l3,1
i27,e09,c5,p07,l3,1
i25,e01,c5,p11,l3,2
i13,e04,c5,p01,l3,1
i17,e08,c3,p09,l3,1
i06,e10,c5,p09,l3,15527
i06,e12,c5,p07,l3,191
i38,e07,c1,p23,l2,5
i38,e06,c1,p02,l3,853
i38,e06,c1,p11,l3,2776
i02,e04,c1,p29,l3,59
i02,e01,c1,p19,l3,687
i06,e10,c3,p10,l3,261
i23,e08,c5,p02,l3,12
i06,e10,c5,p13,l2,61
i05,e08,c1,p22,l3,8
i02,e08,c4,p15,l3,8
i02,e04,c1,p23,l3,18
i32,e08,c5,p35,l3,47
i13,e09,c5,p15,l3,3
i34,e03,c5,p29,l3,63
i17,e09,c5,p31,l3,5
i25,e08,c5,p03,l3,6
i39,e04,c5,p25,l3,40
i66,e04,c3,p11,l3,4
i06,e10,c3,p18,l4,8
i39,e01,c5,p01,l3,58
i17,e11,c5,p31,l3,9
i38,e10,c7,p10,l4,87
i34,e03,c5,p28,l3,32
i38,e06,c4,p24,l3,57
i61,e11,c1,p35,l3,68
i34,e01,c5,p32,l3,8
i05,e03,c1,p10,l3,8
i41,e08,c1,p13,l3,14
i02,e04,c1,p06,l3,9
i13,e08,c5,p18,l3,8
i13,e09,c5,p23,l3,13
i02,e09,c1,p08,l3,21
i38,e10,c4,p11,l4,27
i38,e10,c4,p28,l3,37
i43,e04,c1,p35,l3,8
i38,e10,c4,p09,l3,67
i05,e08,c1,p20,l3,24
i17,e01,c5,p09,l3,3
i06,e09,c3,p18,l2,4
i27,e04,c5,p10,l3,4
i39,e01,c5,p15,l3,27
i03,e08,c5,p07,l3,7
i06,e10,c3,p08,l4,5
i06,e05,c5,p09,l1,1
i12,e09,c5,p05,l3,1
i38,e10,c1,p02,l1,8
i36,e08,c5,p35,l3,13
i14,e04,c5,p06,l3,2
i03,e08,c5,p29,l3,3
i06,e05,c5,p11,l1,2
i16,e09,c5,p11,l3,4
i06,e10,c3,p23,l2,3
i05,e08,c1,p14,l3,6
i38,e10,c1,p09,l1,2
i06,e05,c5,p15,l1,3
i42,e02,c5,p15,l3,1
i13,e08,c5,p12,l3,6
i06,e05,c5,p10,l1,5
i38,e08,c1,p30,l2,1
i38,e12,c1,p19,l3,5
i20,e08,c5,p02,l3,2
i38,e11,c7,p13,l2,1
i07,e09,c5,p17,l3,1
i30,e09,c1,p03,l3,1
i25,e01,c5,p21,l3,1
i13,e12,c5,p21,l3,1
i21,e09,c1,p04,l3,2
i13,e04,c5,p10,l3,1
i38,e11,c1,unknown,l2,1
i38,e10,c4,p23,l1,1
i23,e01,c5,p18,l3,1
i38,e10,c1,p04,l3,5286
i06,e10,c5,p19,l3,128806
i01,e08,c4,p35,l3,4
i01,e08,c1,p21,l3,24
i27,e04,c5,p04,l3,1
i17,e08,c5,p26,l3,10
i12,e08,c5,p15,l3,13
i38,e11,c1,p03,l2,439
i06,e08,c5,p28,l2,401
i17,e08,c5,p09,l3,4
i34,e03,c5,p01,l3,92
i34,e03,c5,p19,l3,194
i02,e08,c1,p05,l3,954
i06,e10,c5,p20,l3,4094
i38,e01,c1,p11,l3,132
i06,e04,c5,p14,l1,66
i06,e09,c5,p18,l2,37
i38,e10,c4,p10,l4,289
i12,e09,c5,p21,l3,1
i38,e07,c1,p08,l2,20
i38,e11,c1,p02,l2,128
i06,e10,c5,p09,l2,18
i12,e08,c5,p19,l3,30
i46,e11,c1,p19,l3,1168
i06,e10,c5,p11,l2,138
i34,e08,c5,p32,l3,38
i38,e10,c1,unknown,l3,5
i23,e08,c5,p06,l3,13
i38,e10,c1,p18,l2,36
i17,e09,c5,p11,l3,12
i23,e01,c5,p09,l3,5
i21,e03,c1,p03,l3,2
i19,e11,c5,p35,l3,33
i13,e12,c5,p19,l3,1
i13,e12,c5,p10,l3,10
i06,e07,c5,p23,l2,4
i16,e08,c5,p18,l3,10
i46,e11,c1,p11,l3,10
i34,e09,c5,p12,l3,1
i06,e10,c3,p13,l4,3
i41,e08,c1,p01,l3,7
i38,e07,c1,p20,l2,2
i06,e08,c3,p19,l2,12
i38,e10,c1,unknown,l4,9
i01,e04,c1,p29,l3,3
i07,e12,c5,p09,l3,11
i21,e01,c1,p09,l3,2
i17,e09,c5,p26,l3,2
i38,e10,c4,p24,l2,2
i07,e08,c5,p31,l3,3
i38,e12,c1,p03,l3,4
i39,e01,c5,p02,l3,5
i39,e04,c5,p02,l3,3
i13,e12,c5,p24,l3,1
i06,e07,c5,p17,l2,1
i05,e06,c1,p31,l3,1
i05,e07,c1,p22,l3,1
i14,e12,c5,p11,l3,1
i38,e10,c7,p03,l3,2
i34,e09,c5,p28,l3,1
i05,e09,c1,p18,l3,1
i23,e01,c5,p25,l3,1
i39,e09,c5,p02,l3,1
i20,e04,c5,p07,l3,1
i42,e05,c3,p03,l3,1
i30,e09,c1,p20,l3,1
i02,e11,c1,p21,l3,1
i33,e03,c1,p23,l3,1
i38,e10,c1,p31,l1,1
i06,e08,c5,p15,l2,4176
i38,e10,c1,p12,l3,15687
i06,e11,c5,p01,l2,729
i38,e10,c1,p24,l4,1828
i38,e10,c1,p16,l4,1675
i06,e09,c5,p03,l2,118
i38,e06,c1,p12,l3,1769
i17,e08,c5,p32,l3,11
i17,e04,c5,p32,l3,18
i38,e07,c1,p07,l2,59
i38,e01,c1,p01,l3,201
i14,e04,c5,p15,l3,24
i17,e09,c5,p23,l3,5
i05,e12,c1,p29,l3,41
i39,e04,c5,p11,l3,53
i38,e11,c1,p04,l2,131
i06,e10,c3,p14,l3,289
i25,e10,c5,p35,l4,7
i41,e04,c1,p13,l3,16
i17,e01,c5,p01,l3,59
i38,e09,c7,p10,l2,8
i06,e01,c5,p07,l3,143
i02,e04,c1,p03,l3,183
i38,e10,c4,p16,l3,92
i34,e03,c5,p25,l3,10
i06,e01,c5,p29,l3,107
i38,e04,c1,p06,l1,8
i38,e12,c1,p32,l3,126
i06,e01,c5,p08,l3,27
i41,e11,c1,p15,l3,3
i41,e09,c1,p13,l3,14
i43,e08,c1,p28,l3,13
i41,e08,c1,p12,l3,17
i39,e09,c5,p29,l3,25
i42,e05,c5,p06,l3,2
i46,e11,c1,p30,l3,41
i43,e01,c1,p24,l3,13
i05,e08,c1,p19,l3,21
i25,e12,c5,p04,l3,56
i41,e07,c1,p09,l3,3
i41,e01,c1,p21,l3,25
i41,e08,c1,p29,l3,5
i06,e01,c5,p31,l3,10
i23,e09,c5,p14,l3,1
i17,e01,c5,p04,l3,11
i06,e05,c5,p05,l1,2
i66,e04,c3,p19,l3,3
i14,e08,c5,p16,l3,5
i06,e02,c5,p15,l1,1
i21,e04,c1,p22,l3,3
i42,e05,c3,p35,l3,5
i43,e09,c1,p12,l3,10
i38,e10,c7,p07,l2,4
i38,e11,c1,p33,l2,1
i41,e01,c1,p14,l3,3
i17,e04,c5,p26,l3,14
i43,e09,c1,p01,l3,2
i34,e01,c5,p05,l3,2
i41,e09,c1,p16,l3,2
i01,e09,c1,p01,l3,9
i41,e12,c1,p19,l3,1
i02,e09,c1,p20,l3,4
i02,e08,c4,p18,l3,2
i01,e01,c1,p12,l3,3
i05,e01,c1,p11,l3,3
i02,e01,c1,p20,l3,3
i03,e09,c5,p16,l3,5
i06,e08,c3,p23,l2,5
i06,e10,c5,p02,l1,14
i41,e01,c1,p08,l3,2
i23,e01,c5,p05,l3,1
i23,e08,c5,p01,l3,3
i57,e12,c2,p10,l3,1
i17,e08,c5,p23,l3,9
i22,e05,c5,p16,l3,2
i38,e01,c1,p26,l3,1
i05,e12,c1,p16,l3,1
i13,e03,c5,p07,l3,1
i38,e01,c1,p25,l3,1
i05,e08,c1,p32,l3,1
i09,e04,c5,p12,l3,1
i38,e11,c1,p19,l2,837
i06,e10,c5,p16,l4,4112
i07,e08,c5,p35,l3,739
i38,e10,c4,p32,l3,172
i39,e01,c5,p25,l3,13
i38,e10,c1,p09,l4,647
i38,e10,c1,p10,l1,157
i38,e10,c1,p08,l4,680
i38,e04,c1,p04,l1,75
i46,e01,c1,p15,l3,113
i38,e10,c4,p08,l4,52
i34,e09,c5,p21,l3,21
i61,e08,c1,p35,l3,163
i39,e01,c5,p19,l3,81
i06,e01,c5,p15,l3,202
i41,e04,c1,p35,l3,60
i05,e07,c1,p35,l3,38
i42,e05,c3,p22,l3,19
i38,e04,c1,p12,l1,82
i05,e04,c1,p06,l3,4
i41,e01,c1,p32,l3,19
i38,e10,c1,p23,l1,6
i07,e04,c5,p21,l3,4
i35,e09,c2,p35,l3,11
i38,e04,c1,p02,l1,16
i05,e01,c1,p01,l3,3
i05,e01,c1,p03,l3,12
i30,e01,c1,p19,l3,25
i12,e04,c5,p05,l3,4
i16,e04,c5,p29,l3,9
i06,e10,c5,p28,l1,12
i05,e04,c1,p16,l3,2
i06,e11,c5,p33,l2,8
i43,e01,c1,p07,l3,11
i13,e11,c5,p21,l3,15
i17,e01,c5,p16,l3,7
i12,e04,c5,p18,l3,5
i01,e04,c1,p10,l3,10
i38,e11,c7,p10,l2,3
i21,e09,c1,p01,l3,1
i17,e01,c5,p07,l3,9
i17,e08,c5,p13,l3,9
i19,e08,c5,p10,l3,9
i23,e09,c5,p08,l3,1
i30,e04,c1,p03,l3,1
i14,e08,c5,p17,l3,5
i46,e08,c1,p11,l3,3
i07,e01,c5,p13,l3,2
i17,e04,c5,p28,l3,3
i25,e08,c5,p12,l3,6
i05,e08,c1,p18,l3,6
i46,e08,c1,p15,l3,7
i67,e09,c5,p18,l3,2
i01,e11,c1,p01,l3,1
i06,e01,c3,p18,l3,2
i43,e04,c1,p19,l3,5
i23,e03,c5,p09,l3,4
i38,e01,c1,unknown,l3,3
i67,e04,c5,p18,l3,1
i42,e05,c5,p25,l3,1
i91,e08,c1,p10,l3,2
i12,e01,c5,p11,l3,3
i14,e01,c5,p18,l3,1
i05,e06,c1,p18,l3,2
i42,e05,c3,p16,l3,1
i06,e05,c5,p25,l1,1
i06,e09,c5,p33,l2,1
i25,e09,c5,p21,l3,1
i67,e10,c5,p24,l3,1
i15,e04,c2,p35,l3,2589
i38,e12,c1,p10,l3,80
i13,e08,c5,p10,l3,205
i34,e08,c5,p23,l3,20
i17,e04,c5,p02,l3,41
i38,e10,c1,p29,l4,1184
i06,e09,c5,p07,l2,139
i06,e10,c5,p32,l3,10503
i34,e04,c5,p29,l3,36
i39,e01,c5,p10,l3,123
i38,e07,c1,p01,l2,102
i06,e12,c5,p23,l3,164
i34,e08,c5,p06,l3,18
i38,e08,c1,p14,l2,84
i29,e01,c5,p35,l3,21
i07,e12,c5,p21,l3,22
i39,e09,c5,p12,l3,57
i43,e01,c1,p10,l3,9
i06,e10,c5,p09,l4,1331
i06,e10,c3,p07,l3,18
i38,e01,c1,p13,l3,295
i41,e08,c1,p05,l3,4
i38,e06,c4,p09,l3,57
i41,e11,c1,p19,l3,14
i06,e10,c5,p04,l2,43
i41,e04,c1,p11,l3,21
i38,e10,c1,p24,l2,17
i34,e03,c5,p13,l3,136
i38,e01,c1,p16,l3,41
i03,e04,c5,p05,l3,18
i06,e10,c3,p07,l4,5
i41,e07,c1,p11,l3,6
i33,e08,c1,p19,l3,21
i30,e04,c1,p18,l3,2
i33,e10,c1,p07,l3,15
i41,e04,c1,p29,l3,11
i43,e01,c1,p28,l3,4
i41,e04,c1,p32,l3,6
i05,e06,c1,p20,l3,2
i09,e09,c5,p35,l3,4
i30,e04,c1,p32,l3,3
i38,e10,c4,p18,l2,4
i38,e10,c4,p14,l4,24
i46,e01,c1,p05,l3,7
i38,e10,c4,p22,l2,4
i30,e04,c1,p26,l3,7
i38,e10,c4,p19,l2,10
i05,e06,c1,p04,l3,3
i05,e08,c1,p21,l3,6
i06,e07,c5,p10,l2,9
i17,e11,c5,p28,l3,5
i05,e03,c1,p09,l3,2
i17,e01,c5,p24,l3,4
i27,e04,c5,p22,l3,2
i03,e08,c5,p05,l3,2
i32,e08,c5,p04,l3,2
i38,e11,c1,unknown,l2,1
i38,e10,c1,p32,l2,6
i68,e01,c1,p21,l3,2
i38,e01,c4,p04,l3,1
i06,e08,c3,p24,l2,13
i06,e08,c3,p35,l2,2
i05,e12,c4,p35,l3,1
i06,e10,c5,p26,l2,1
i30,e04,c1,p13,l3,2
i38,e04,c1,unknown,l1,2
i46,e04,c1,p21,l3,1
i36,e04,c5,p35,l3,3
i05,e09,c1,p28,l3,1
i30,e01,c1,p15,l3,7
i38,e11,c1,unknown,l2,1
i13,e10,c5,p15,l3,1
i29,e01,c5,p10,l3,3
i14,e12,c5,p02,l3,1
i02,e01,c4,p18,l3,1
i05,e07,c1,p17,l3,1
i07,e12,c5,p01,l3,2
i23,e03,c5,p35,l3,1
i38,e10,c1,p09,l3,3459
i38,e10,c1,p17,l3,13384
i06,e10,c5,p10,l4,12313
i05,e08,c1,p35,l3,486
i38,e10,c1,p02,l3,6038
i38,e08,c1,p02,l2,211
i02,e08,c1,p09,l3,476
i38,e08,c1,p18,l2,154
i38,e10,c1,p32,l4,728
i80,e04,c3,p35,l3,4
i06,e10,c5,p35,l3,27162
i17,e11,c5,p10,l3,796
i05,e06,c1,p29,l3,6
i39,e04,c5,p29,l3,39
i06,e10,c5,p31,l4,414
i02,e01,c1,p06,l3,24
i14,e09,c5,p15,l3,4
i38,e08,c4,p10,l2,188
i39,e04,c5,p04,l3,95
i02,e01,c1,p16,l3,81
i30,e04,c1,p21,l3,16
i06,e01,c5,p35,l3,65
i21,e09,c1,p10,l3,18
i03,e04,c5,p19,l3,2
i38,e10,c4,p07,l3,73
i03,e10,c5,p13,l3,2
i01,e01,c1,p10,l3,19
i38,e10,c1,p07,l1,22
i38,e10,c4,p04,l4,16
i38,e10,c4,p08,l3,126
i17,e11,c5,p08,l3,19
i30,e09,c1,p10,l3,18
i67,e01,c5,p10,l3,1
i23,e09,c5,p10,l3,17
i17,e11,c5,p14,l3,46
i07,e12,c5,p12,l3,54
i03,e04,c5,p13,l3,11
i38,e07,c1,p32,l2,4
i02,e09,c1,p09,l3,19
i21,e12,c1,p12,l3,17
i34,e08,c5,p14,l3,20
i30,e09,c1,p01,l3,5
i73,e01,c3,p12,l3,1
i06,e01,c3,p01,l3,1
i06,e10,c3,p08,l3,9
i27,e08,c5,p05,l3,12
i39,e01,c5,p11,l3,12
i27,e01,c5,p19,l3,2
i33,e08,c1,p10,l3,3
i39,e09,c5,p05,l3,10
i05,e08,c1,p05,l3,1
i02,e01,c1,p25,l3,19
i05,e06,c1,p21,l3,6
i38,e10,c4,p08,l2,4
i06,e08,c3,p15,l2,8
i67,e09,c5,p05,l3,1
i34,e01,c5,p02,l3,1
i43,e03,c1,p10,l3,1
i41,e04,c1,p22,l3,1
i34,e01,c5,p22,l3,1
i43,e01,c1,p18,l3,1
i48,e11,c1,p15,l3,11
i23,e04,c5,p17,l3,2
i06,e04,c3,p03,l1,4
i12,e08,c5,p05,l3,5
i46,e08,c1,p30,l3,2
i06,e07,c5,p12,l2,2
i46,e04,c7,p13,l3,1
i41,e07,c1,p08,l3,1
i41,e05,c1,p02,l3,1
i66,e04,c3,p16,l3,2
i06,e05,c5,p07,l1,1
i38,e01,c4,p07,l3,1
i06,e11,c5,p24,l2,451
i17,e01,c5,p10,l3,120
i38,e11,c1,p10,l2,1720
i06,e01,c5,p17,l3,85
i01,e08,c1,p03,l3,20
i06,e10,c5,p29,l3,29750
i06,e10,c5,p05,l4,4886
i17,e01,c5,p19,l3,46
i06,e09,c5,p19,l2,290
i23,e03,c5,p18,l3,3
i02,e08,c1,p24,l3,75
i05,e12,c1,p10,l3,112
i34,e01,c5,p12,l3,5
i02,e09,c1,p04,l3,68
i17,e08,c5,p33,l3,1
i02,e09,c1,p18,l3,32
i06,e04,c5,p02,l1,103
i38,e11,c1,p31,l2,9
i38,e09,c1,p10,l2,675
i38,e09,c1,p28,l2,12
i34,e08,c5,p08,l3,12
i07,e09,c5,p35,l3,54
i09,e04,c5,p15,l3,1
i38,e04,c1,p01,l1,204
i02,e08,c4,p28,l3,2
i46,e09,c4,p35,l3,12
i39,e01,c5,p32,l3,6
i06,e07,c5,p19,l2,7
i46,e11,c1,p07,l3,21
i06,e10,c3,p35,l3,299
i42,e05,c5,p35,l3,2
i39,e09,c5,p04,l3,39
i38,e06,c4,p14,l3,13
i38,e11,c1,p09,l2,64
i17,e11,c5,p12,l3,89
i34,e09,c5,p32,l3,7
i39,e09,c5,p19,l3,62
i38,e10,c1,p12,l1,32
i27,e04,c5,p07,l3,8
i49,e10,c1,p33,l3,88
i02,e09,c1,p28,l3,10
i03,e04,c5,p12,l3,3
i05,e12,c1,p23,l3,7
i05,e07,c1,p14,l3,7
i21,e12,c1,p07,l3,5
i41,e09,c1,p04,l3,4
i12,e08,c5,p17,l3,6
i06,e10,c3,p14,l4,7
i06,e10,c5,p22,l1,33
i06,e08,c3,p11,l2,3
i41,e11,c1,p10,l3,15
i38,e11,c4,p14,l2,4
i05,e07,c1,p16,l3,3
i05,e08,c1,p12,l3,5
i38,e12,c1,p07,l3,2
i38,e08,c4,p04,l2,20
i34,e09,c5,p22,l3,2
i05,e06,c4,p11,l3,1
i34,e01,c5,p17,l3,2
i27,e01,c5,p05,l3,2
i41,e09,c1,p25,l3,2
i04,e05,c3,p35,l3,1
i03,e04,c5,p21,l3,1
i27,e04,c5,p12,l3,2
i13,e09,c5,p06,l3,4
i42,e02,c5,p29,l3,2
i63,e11,c1,p10,l3,1
i05,e01,c1,p05,l3,1
i46,e08,c1,p12,l3,2
i46,e04,c1,p03,l3,3
i02,e04,c1,p31,l3,6
i03,e04,c5,p01,l3,2
i38,e05,c1,p29,l1,1
i16,e01,c5,p15,l3,2
i46,e09,c1,p11,l3,1
i06,e07,c5,p35,l2,4
i06,e02,c5,p03,l1,4
i66,e04,c3,p15,l3,1
i07,e12,c5,p25,l3,3
i34,e01,c5,p23,l3,1
i63,e11,c1,p35,l3,1
i34,e04,c5,p18,l3,24
i06,e10,c5,p21,l3,50695
i38,e06,c1,p03,l3,2912
i38,e10,c1,p13,l2,505
i14,e08,c5,p11,l3,7
i23,e01,c5,p07,l3,26
i34,e03,c5,p11,l3,132
i02,e08,c1,p11,l3,1420
i38,e06,c1,p23,l3,553
i23,e01,c5,p08,l3,3
i06,e01,c5,p22,l3,82
i38,e10,c1,p25,l3,1375
i06,e01,c5,p10,l3,341
i12,e08,c5,p11,l3,8
i46,e04,c1,p35,l3,207
i46,e11,c4,p01,l3,36
i38,e11,c1,p11,l2,379
i41,e09,c1,p19,l3,20
i38,e04,c1,p17,l1,90
i06,e10,c5,p03,l2,52
i13,e08,c5,p11,l3,45
i38,e10,c4,p29,l4,14
i46,e04,c1,p13,l3,50
i05,e01,c1,p13,l3,11
i41,e09,c1,p18,l3,3
i07,e09,c5,p19,l3,2
i06,e10,c5,p12,l2,79
i17,e09,c5,p19,l3,43
i41,e09,c1,p28,l3,3
i13,e11,c5,p07,l3,51
i05,e06,c1,p11,l3,7
i39,e01,c5,p04,l3,53
i38,e10,c7,p07,l3,3
i42,e05,c5,p14,l3,9
i06,e10,c5,p08,l2,17
i30,e01,c1,p01,l3,10
i30,e04,c1,p16,l3,7
i34,e09,c5,p14,l3,9
i66,e04,c3,p01,l3,6
i38,e09,c4,p32,l2,1
i43,e01,c1,p13,l3,7
i42,e05,c5,p07,l3,3
i21,e01,c1,p13,l3,3
i42,e05,c5,p13,l3,5
i01,e01,c1,p32,l3,4
i33,e01,c1,p07,l3,2
i14,e11,c5,p10,l3,3
i41,e04,c1,p21,l3,7
i42,e05,c5,p17,l3,1
i38,e04,c1,unknown,l1,1
i39,e09,c5,p14,l3,3
i34,e04,c5,p06,l3,10
i17,e09,c5,p28,l3,3
i41,e01,c1,p05,l3,1
i06,e02,c5,p02,l1,1
i25,e08,c5,p28,l3,1
i05,e08,c1,p24,l3,1
i38,e12,c1,p01,l3,5
i46,e09,c7,p13,l3,4
i06,e02,c5,p24,l1,1
i13,e03,c5,p13,l3,1
i13,e05,c5,p13,l3,1
i02,e08,c4,p17,l3,1
i16,e04,c5,p13,l3,2
i06,e07,c5,p09,l2,1
i27,e09,c5,p22,l3,1
i03,e01,c5,p05,l3,2
i46,e08,c4,p12,l3,3
i17,e11,c5,p04,l3,10
i06,e10,c5,p11,l4,3916
i38,e10,c1,p19,l4,7991
i06,e08,c5,p02,l2,1426
i03,e04,c5,p07,l3,37
i06,e08,c5,p07,l2,3026
i06,e12,c5,p10,l3,883
i06,e10,c5,p19,l4,8960
i02,e01,c1,p12,l3,80
i06,e08,c5,p14,l2,1222
i05,e12,c1,p15,l3,9
i38,e10,c1,p04,l4,1154
i06,e01,c5,p11,l3,112
i38,e06,c1,p21,l3,1885
i38,e06,c1,p24,l3,1240
i38,e06,c1,p31,l3,118
i06,e11,c5,p18,l2,299
i02,e09,c1,p14,l3,69
i02,e08,c1,p35,l3,817
i06,e08,c3,p21,l2,5
i38,e07,c4,p10,l2,9
i02,e01,c1,p28,l3,15
i15,e04,c6,p35,l3,156
i38,e08,c1,p04,l2,220
i38,e01,c1,p10,l3,725
i38,e10,c1,p01,l1,37
i17,e11,c5,p13,l3,44
i23,e10,c5,p01,l3,62
i38,e01,c1,p18,l3,51
i63,e10,c1,p10,l3,104
i38,e09,c1,p03,l2,112
i38,e09,c1,p07,l2,127
i38,e10,c4,p23,l3,61
i38,e06,c4,p21,l3,55
i63,e10,c1,p01,l2,41
i38,e10,c1,p16,l2,59
i17,e11,c5,p23,l3,66
i17,e11,c5,p19,l3,207
i30,e01,c1,p17,l3,14
i34,e01,c5,p01,l3,15
i41,e11,c1,p29,l3,28
i34,e08,c5,p03,l3,36
i34,e01,c5,p13,l3,1
i38,e09,c1,p16,l2,23
i13,e11,c5,p23,l3,18
i39,e01,c5,p05,l3,17
i42,e05,c3,p14,l3,1
i39,e09,c5,p25,l3,3
i88,e01,c1,p35,l3,5
i41,e11,c1,p07,l3,5
i07,e04,c5,p19,l3,4
i38,e10,c1,p33,l4,1
i06,e08,c3,p16,l2,4
i97,e08,c1,p35,l3,5
i05,e12,c1,p04,l3,2
i39,e09,c5,p15,l3,8
i38,e08,c4,p29,l2,2
i34,e03,c3,p03,l3,1
i16,e09,c5,p19,l3,2
i38,e09,c1,p06,l2,12
i16,e01,c5,p24,l3,4
i25,e03,c5,p10,l3,1
i41,e04,c1,p03,l3,6
i32,e11,c5,p19,l3,2
i21,e03,c1,p17,l3,2
i43,e04,c1,p11,l3,4
i01,e11,c4,p35,l3,2
i07,e01,c5,p29,l3,1
i09,e01,c5,p21,l3,1
i38,e10,c1,p20,l1,2
i05,e01,c1,p16,l3,1
i03,e08,c5,p19,l3,1
i09,e09,c5,p19,l3,2
i27,e01,c5,p24,l3,3
i74,e01,c5,p07,l3,1
i27,e04,c5,p03,l3,2
i13,e03,c5,p02,l3,1
i34,e05,c5,p12,l3,1
i27,e08,c5,p24,l3,1
i06,e12,c5,p21,l3,452
i06,e10,c5,p26,l3,1763
i06,e11,c5,p15,l2,844
i38,e10,c1,p05,l1,29
i06,e12,c5,p17,l3,321
i06,e12,c5,p33,l3,20
i02,e04,c1,p18,l3,34
i06,e10,c5,p18,l4,2337
i02,e01,c1,p10,l3,271
i28,e04,c1,p35,l3,44
i06,e09,c5,p29,l2,64
i06,e12,c5,p13,l3,311
i06,e09,c5,p05,l2,141
i16,e08,c5,p04,l3,3
i14,e12,c5,p05,l3,11
i06,e12,c5,p22,l3,162
i06,e09,c5,p01,l2,120
i06,e04,c5,p18,l1,96
i06,e02,c5,p07,l1,3
i14,e08,c3,p18,l3,2
i17,e08,c5,p03,l3,18
i38,e01,c1,p03,l3,116
i16,e08,c5,p13,l3,3
i38,e10,c4,p07,l4,67
i38,e09,c1,p25,l2,7
i38,e09,c1,p21,l2,106
i38,e01,c7,p10,l3,18
i38,e10,c4,p01,l3,353
i38,e09,c1,p18,l2,35
i06,e10,c5,p35,l1,43
i06,e10,c3,p06,l4,14
i41,e07,c1,p04,l3,5
i27,e09,c5,p24,l3,7
i38,e10,c1,p09,l2,8
i34,e03,c5,p07,l3,37
i16,e04,c5,p05,l3,3
i07,e12,c5,p05,l3,64
i41,e11,c1,p35,l3,31
i05,e08,c1,p10,l3,22
i06,e10,c5,p25,l1,13
i13,e08,c5,p07,l3,8
i27,e04,c5,p13,l3,1
i17,e09,c5,p29,l3,26
i17,e11,c5,p29,l3,29
i07,e01,c5,p35,l3,67
i13,e11,c5,p03,l3,24
i43,e08,c1,p16,l3,3
i05,e07,c1,p19,l3,23
i07,e12,c5,p18,l3,9
i02,e08,c1,p06,l3,352
i41,e04,c1,p16,l3,6
i17,e04,c5,p29,l3,46
i05,e08,c1,p16,l3,17
i05,e12,c1,p02,l3,5
i21,e09,c1,p28,l3,6
i01,e09,c1,p11,l3,4
i38,e08,c4,p28,l2,1
i74,e01,c5,p03,l3,4
i17,e08,c5,p04,l3,13
i38,e08,c4,p03,l2,320
i42,e02,c5,p10,l3,1
i03,e01,c5,p15,l3,1
i06,e10,c3,p10,l2,4
i48,e11,c1,p05,l3,3
i66,e04,c3,p35,l3,6
i13,e03,c5,p03,l3,1
i34,e04,c5,p17,l3,5
i14,e04,c5,p29,l3,3
i46,e01,c7,p13,l3,6
i10,e05,c3,p10,l3,1
i23,e04,c5,p16,l3,1
i46,e09,c1,p18,l3,1
i38,e10,c4,p29,l2,1
i34,e03,c3,p29,l3,1
i41,e09,c1,p24,l3,3
i21,e09,c1,p12,l3,2
i14,e04,c5,p19,l3,3
i38,e04,c1,p25,l1,1
i38,e08,c4,p08,l2,1
i34,e09,c5,p06,l3,1
i38,e08,c1,unknown,l2,3
i02,e11,c1,p07,l3,1
i05,e09,c1,p24,l3,2
i05,e01,c1,p22,l3,3
i07,e08,c5,p25,l3,2
i34,e05,c5,p05,l3,1
i67,e05,c5,p05,l3,1
i80,e01,c3,p35,l3,2
i27,e01,c5,p11,l3,1
i16,e09,c5,p20,l3,1
i46,e09,c1,p02,l3,2
i44,e01,c3,p35,l3,1
i45,e01,c1,p19,l3,1
i38,e10,c1,p13,l3,15536
i38,e10,c4,p35,l2,15
i06,e10,c5,p10,l2,299
i38,e11,c1,p29,l2,128
i06,e10,c5,p30,l3,362
i06,e11,c5,p06,l2,313
i38,e11,c1,p12,l2,263
i38,e09,c1,p19,l2,296
i05,e01,c1,p35,l3,53
i21,e09,c1,p15,l3,4
i39,e04,c5,p35,l3,693
i02,e08,c1,p19,l3,2058
i38,e11,c1,p07,l2,260
i38,e06,c1,unknown,l3,13
i38,e08,c1,unknown,l2,8
i38,e10,c1,p11,l2,119
i38,e05,c1,p05,l1,1
i02,e04,c1,p07,l3,106
i38,e10,c7,p13,l2,11
i17,e11,c5,p11,l3,87
i38,e04,c1,p19,l1,209
i02,e04,c1,p16,l3,58
i31,e01,c1,p35,l3,13
i07,e12,c5,p16,l3,26
i06,e09,c5,p13,l2,84
i38,e06,c4,p02,l3,12
i02,e01,c1,p35,l3,62
i17,e01,c5,p14,l3,15
i13,e08,c5,p04,l3,15
unknown,e12,c1,p11,l3,4
i34,e08,c5,p11,l3,12
i33,e04,c1,p07,l3,4
i43,e09,c1,p07,l3,24
i34,e09,c5,p10,l3,23
i39,e09,c5,p24,l3,19
i06,e09,c5,p23,l2,16
i17,e11,c5,p24,l3,31
i38,e09,c1,unknown,l2,4
i05,e03,c1,p06,l3,5
i14,e08,c5,p01,l3,62
i23,e04,c5,p04,l3,6
i02,e01,c4,p25,l3,5
i14,e04,c5,p05,l3,2
i42,e02,c5,p01,l3,1
i17,e04,c5,p35,l3,17
i29,e04,c5,p13,l3,1
i34,e04,c5,p21,l3,16
i32,e04,c5,p04,l3,1
i38,e10,c1,p08,l2,15
i23,e03,c5,p06,l3,4
i43,e09,c1,p19,l3,5
i17,e04,c5,p08,l3,2
i39,e01,c5,p16,l3,11
i03,e09,c5,p07,l3,12
i05,e06,c1,p05,l3,4
i25,e11,c5,p10,l3,4
i06,e07,c5,p11,l2,2
i13,e03,c5,p12,l3,1
i38,e05,c1,p10,l1,5
i13,e08,c5,p14,l3,3
i38,e01,c7,p13,l3,3
i38,e11,c4,p09,l2,3
i41,e08,c1,p32,l3,1
i41,e07,c1,p14,l3,2
i12,e08,c5,p07,l3,1
i38,e10,c7,p04,l4,4
i41,e04,c1,p18,l3,3
i38,e04,c4,p07,l1,2
i12,e01,c5,p10,l3,2
i06,e11,c3,p29,l2,1
i03,e09,c5,p04,l3,1
i13,e12,c5,p05,l3,2
i41,e01,c1,p17,l3,1
i42,e02,c5,p19,l3,1
i16,e09,c5,p13,l3,1
i12,e09,c5,p16,l3,1
i23,e08,c5,p17,l3,1
i39,e01,c5,p23,l3,1
i12,e09,c5,p07,l3,1
i67,e04,c5,p07,l3,1
i06,e05,c5,p06,l1,2
i43,e03,c1,p18,l3,1
i27,e04,c5,p21,l3,2
i06,e02,c5,p32,l1,1
i38,e05,c1,p02,l1,1
i23,e03,c5,p05,l3,1
i06,e08,c3,p32,l2,1
i12,e09,c5,p01,l3,2
i13,e01,c5,p15,l3,1
i42,e02,c5,p07,l3,1
i38,e10,c1,p01,l3,19897
i06,e10,c5,p17,l4,2931
i38,e10,c1,p11,l4,4123
i38,e10,c4,p03,l4,70
i06,e10,c3,p11,l3,210
i38,e10,c1,p16,l3,9554
i19,e10,c5,p10,l4,22
i06,e10,c5,p21,l2,80
i06,e10,c3,p01,l3,138
i38,e06,c1,p08,l3,537
i46,e09,c1,p13,l3,166
i38,e06,c1,p32,l3,436
i38,e11,c1,p35,l2,115
i13,e08,c5,p35,l3,61
i02,e09,c1,p24,l3,22
i41,e11,c1,p12,l3,3
i07,e04,c5,p35,l3,125
i26,e01,c1,p35,l3,13
i34,e03,c5,p10,l3,360
i06,e04,c5,p06,l1,88
i31,e04,c1,p35,l3,17
i06,e11,c5,p31,l2,44
i01,e09,c1,p14,l3,6
i02,e09,c1,p10,l3,259
i38,e11,c1,p20,l2,25
i06,e12,c5,p18,l3,271
i41,e08,c1,p35,l3,42
i34,e03,c5,p32,l3,11
i13,e11,c5,p05,l3,33
i41,e08,c1,p04,l3,11
i41,e09,c1,p21,l3,15
i34,e08,c5,p25,l3,2
i34,e03,c5,p31,l3,15
i14,e08,c5,p03,l3,26
i34,e08,c5,p09,l3,28
i12,e04,c5,p17,l3,6
i17,e09,c5,p18,l3,13
i34,e09,c5,p19,l3,33
i32,e08,c5,p07,l3,21
i38,e10,c1,unknown,l4,8
i17,e04,c5,p15,l3,63
i05,e09,c1,p10,l3,6
i38,e06,c7,p32,l3,24
i38,e08,c1,p22,l2,159
i02,e09,c1,p06,l3,7
i02,e01,c4,p35,l3,6
i27,e08,c3,p22,l3,9
i16,e01,c5,p01,l3,10
i44,e04,c3,p35,l3,4
i34,e09,c5,p29,l3,26
i14,e08,c5,p12,l3,49
i34,e04,c5,p02,l3,5
i05,e08,c1,p03,l3,6
i34,e01,c5,p29,l3,18
i30,e01,c1,p06,l3,4
i42,e05,c5,p05,l3,19
i46,e09,c1,p01,l3,7
i41,e07,c1,p20,l3,8
i06,e10,c3,p03,l4,26
i21,e09,c1,p19,l3,10
i38,e04,c1,p08,l1,7
i16,e08,c5,p07,l3,5
i12,e08,c5,p03,l3,5
i16,e04,c5,p24,l3,3
i06,e10,c3,p05,l3,11
i03,e10,c5,p10,l3,7
i17,e09,c5,p04,l3,15
i05,e12,c1,unknown,l3,1
i23,e08,c5,p15,l3,5
i17,e09,c5,p08,l3,4
i05,e07,c1,p01,l3,5
i05,e06,c1,p22,l3,2
i46,e01,c1,p11,l3,1
i33,e03,c1,p11,l3,1
i05,e09,c1,p16,l3,1
i46,e08,c1,p17,l3,3
i13,e10,c5,p04,l3,1
i23,e04,c5,p13,l3,4
i16,e04,c5,p25,l3,2
i16,e08,c5,p22,l3,2
i42,e05,c5,p23,l3,2
i16,e01,c5,p02,l3,3
i14,e11,c5,p12,l3,1
i05,e07,c1,p12,l3,1
i42,e05,c5,p12,l3,1
i13,e03,c5,p11,l3,1
i06,e12,c3,p19,l3,1
i13,e03,c5,p04,l3,1
i38,e10,c1,p24,l3,8769
i38,e10,c1,p11,l3,22538
i38,e10,c1,p23,l4,643
i38,e10,c4,p32,l4,41
i06,e10,c5,p35,l4,2458
i38,e10,c1,p02,l4,1255
i38,e06,c1,p19,l3,5474
i06,e10,c5,p01,l2,90
i39,e09,c5,p07,l3,40
i06,e04,c5,p21,l1,196
i38,e01,c4,p08,l3,12
i02,e04,c1,p01,l3,85
i46,e09,c7,p35,l3,8
i17,e04,c5,p04,l3,44
i02,e09,c1,p25,l3,16
i06,e12,c5,p15,l3,607
i38,e08,c1,p06,l2,27
i38,e08,c1,p17,l2,335
i38,e08,c1,p03,l2,308
i06,e10,c5,p22,l2,95
i06,e01,c5,p20,l3,7
i38,e10,c1,p07,l2,39
i38,e10,c4,p22,l3,4
i38,e08,c1,p05,l2,250
i23,e04,c5,p15,l3,15
i06,e04,c5,p35,l1,204
i01,e04,c1,p06,l3,1
i01,e09,c1,p19,l3,7
i05,e04,c1,p21,l3,1
i38,e10,c4,p02,l4,13
i06,e10,c5,p14,l1,43
i21,e04,c1,p28,l3,7
i38,e10,c1,p13,l1,29
i23,e03,c5,p15,l3,10
i59,e08,c5,p10,l3,24
i16,e08,c5,p10,l3,75
i50,e09,c1,p35,l3,10
i13,e04,c5,p19,l3,3
i02,e04,c1,p04,l3,59
i17,e01,c5,p13,l3,10
i39,e04,c5,p17,l3,58
i43,e01,c1,p16,l3,3
i46,e08,c1,p02,l3,17
i39,e01,c5,p03,l3,21
i39,e04,c5,p24,l3,14
i16,e08,c5,p08,l3,28
i17,e09,c5,p17,l3,8
i134,e08,c1,p10,l3,1
i66,e01,c3,p15,l3,2
i50,e01,c1,p35,l3,15
i46,e11,c4,p09,l3,19
i13,e08,c5,p02,l3,20
i14,e08,c3,p12,l3,1
i18,e12,c1,p35,l3,2
i34,e08,c5,p17,l3,12
i43,e04,c1,p01,l3,7
i14,e08,c5,p10,l3,13
i42,e02,c5,p35,l3,1
i48,e11,c1,p10,l3,4
i06,e02,c5,p35,l1,1
i41,e09,c1,p07,l3,10
i06,e10,c3,p35,l4,26
i33,e09,c1,p10,l3,1
i46,e08,c1,p26,l3,10
i14,e01,c5,p05,l3,2
i07,e04,c5,p13,l3,4
i06,e10,c5,p20,l2,6
i38,e10,c1,unknown,l4,2
i31,e07,c1,p35,l3,1
i23,e01,c5,p06,l3,4
i38,e05,c4,p21,l1,1
i05,e06,c1,p16,l3,4
i05,e09,c1,p06,l3,1
i38,e10,c7,p32,l3,4
i22,e05,c5,p01,l3,4
i59,e08,c5,p35,l3,2
i03,e01,c5,p28,l3,2
i01,e01,c1,p07,l3,1
i41,e01,c1,p23,l3,3
i38,e11,c4,p07,l2,3
i01,e05,c1,p10,l3,1
i43,e05,c1,p17,l3,1
i38,e09,c4,p10,l2,2
i21,e01,c1,p29,l3,2
i46,e01,c4,p07,l3,1
i42,e02,c5,p23,l3,2
i01,e01,c1,p17,l3,1
i48,e11,c1,p07,l3,1
i23,e09,c5,p12,l3,1
i06,e07,c5,p29,l2,1
i02,e05,c1,p10,l3,1
i41,e05,c1,p15,l3,1
i38,e10,c1,unknown,l1,1
i39,e01,c5,p26,l3,1
i06,e11,c5,p35,l2,1840
i38,e10,c1,p05,l4,2672
i06,e10,c5,p22,l4,1153
i41,e01,c1,p25,l3,1
i42,e05,c3,p12,l3,1
i46,e08,c1,p13,l3,72
i06,e11,c5,p29,l2,307
i06,e12,c5,p05,l3,453
i39,e01,c5,p22,l3,25
i41,e11,c1,p01,l3,18
i06,e08,c5,p08,l2,961
i06,e10,c5,p18,l2,89
i05,e03,c1,p35,l3,75
i02,e09,c1,p17,l3,67
i42,e05,c3,p15,l3,17
i38,e06,c4,p13,l3,13
i10,e05,c3,p35,l3,1
i06,e10,c5,p03,l1,60
i34,e03,c5,p09,l3,54
i06,e12,c5,p02,l3,105
i38,e04,c1,p09,l1,13
i12,e08,c5,p10,l3,21
i39,e04,c5,p15,l3,34
i38,e10,c1,unknown,l3,4
i13,e08,c5,p03,l3,16
i06,e10,c5,p31,l1,17
i06,e08,c3,p03,l2,44
i06,e05,c5,p24,l1,1
i34,e03,c5,p08,l3,5
i59,e04,c5,p10,l3,19
i18,e08,c1,p35,l3,21
i01,e08,c1,p10,l3,157
i17,e08,c5,p29,l3,23
i33,e03,c1,p20,l3,3
i17,e01,c5,p22,l3,5
i34,e04,c5,p11,l3,2
i41,e07,c1,p07,l3,3
i05,e06,c1,p13,l3,5
i13,e03,c5,p09,l3,1
i46,e04,c1,p19,l3,1
i14,e09,c5,p19,l3,3
i14,e08,c5,p26,l3,15
i02,e09,c1,p22,l3,7
i46,e08,c4,p11,l3,2
i30,e09,c1,p06,l3,2
i30,e01,c1,p05,l3,11
i34,e01,c5,p28,l3,3
i21,e12,c1,p18,l3,4
i21,e09,c1,p13,l3,8
i23,e04,c5,p09,l3,5
i21,e01,c1,p11,l3,2
i43,e04,c1,p24,l3,6
i05,e04,c1,p20,l3,1
i38,e09,c1,p20,l2,5
i05,e12,c1,p12,l3,18
i05,e12,c1,p11,l3,11
i34,e09,c5,p11,l3,5
i23,e09,c5,p18,l3,5
i65,e09,c3,p10,l3,1
i38,e04,c1,p22,l1,15
i16,e01,c5,p22,l3,5
i06,e01,c5,p33,l3,1
i17,e09,c5,p24,l3,4
i46,e09,c1,p17,l3,1
i38,e12,c4,p19,l3,1
i67,e01,c5,p18,l3,1
i38,e01,c4,p01,l3,3
i41,e08,c1,p14,l3,3
i19,e12,c5,p10,l3,4
i34,e08,c5,p20,l3,1
i43,e08,c1,p13,l3,1
i16,e04,c5,p06,l3,5
i05,e03,c1,p20,l3,4
i43,e04,c1,p25,l3,1
i07,e04,c5,p02,l3,1
i38,e08,c1,unknown,l2,1
i30,e09,c1,p11,l3,1
i22,e02,c5,p29,l3,1
i38,e04,c7,p13,l1,2
i43,e01,c1,p21,l3,2
i12,e09,c5,p17,l3,1
i16,e01,c5,p16,l3,1
i46,e06,c1,p01,l3,1
i41,e09,c1,p06,l3,1
i06,e10,c5,p12,l3,44753
i06,e10,c5,p03,l3,55489
i38,e10,c1,p35,l3,888
i46,e04,c1,p15,l3,59
i41,e04,c1,p10,l3,48
i02,e04,c1,p20,l3,6
i38,e06,c1,p29,l3,1067
i38,e10,c4,p15,l3,348
i06,e09,c5,p16,l2,91
i38,e10,c4,p35,l3,17
i38,e01,c1,p28,l3,22
i06,e10,c3,p12,l3,197
i43,e08,c1,p10,l3,33
i43,e01,c1,p04,l3,6
i06,e10,c5,p19,l2,204
i06,e04,c5,p32,l1,81
i06,e11,c5,p14,l2,194
i06,e11,c5,p08,l2,203
i38,e01,c1,p09,l3,24
i16,e04,c5,p01,l3,13
i02,e09,c1,p02,l3,29
i17,e04,c5,p13,l3,21
i39,e04,c5,p12,l3,97
i06,e04,c5,p17,l1,166
i07,e08,c5,p03,l3,84
i38,e10,c1,p14,l2,25
i21,e03,c1,p13,l3,4
i30,e01,c1,p04,l3,2
i17,e09,c5,p06,l3,7
i39,e01,c5,p07,l3,38
i38,e01,c1,p05,l3,53
i21,e03,c1,p04,l3,12
i38,e06,c1,p30,l3,44
i38,e08,c7,p13,l2,21
i38,e10,c4,p10,l2,33
i07,e12,c5,p03,l3,38
i43,e09,c1,p35,l3,19
i06,e01,c5,p13,l3,88
i21,e12,c1,p28,l3,6
i39,e04,c5,p18,l3,56
i38,e04,c1,p23,l1,10
i14,e08,c5,p21,l3,29
i06,e08,c3,p13,l2,3
i38,e09,c1,p32,l2,16
i38,e08,c1,p08,l2,57
i41,e08,c1,p17,l3,9
i16,e08,c5,p19,l3,48
i16,e08,c5,p16,l3,12
i14,e08,c5,p35,l3,6
i16,e08,c5,p11,l3,13
i16,e09,c5,p12,l3,4
i16,e04,c5,p21,l3,4
i14,e01,c5,p09,l3,4
i01,e08,c1,p29,l3,4
i05,e11,c1,p19,l3,1
i24,e08,c1,p12,l3,8
i31,e11,c1,p21,l3,5
i23,e08,c5,p03,l3,1
i38,e10,c1,p06,l1,14
i14,e11,c5,p21,l3,1
i17,e04,c5,p33,l3,1
i33,e09,c1,p01,l3,2
i33,e10,c1,p19,l3,4
i07,e09,c5,p13,l3,3
i12,e08,c5,p18,l3,5
i30,e09,c1,p07,l3,1
i38,e10,c7,p32,l4,16
i34,e01,c5,p16,l3,10
i41,e07,c1,p16,l3,7
i46,e04,c4,p15,l3,3
i41,e08,c1,p25,l3,3
i42,e02,c5,p14,l3,1
i34,e03,c5,p26,l3,3
i23,e04,c5,p10,l3,18
i43,e01,c1,p12,l3,3
i43,e09,c1,p10,l3,7
i42,e02,c5,p05,l3,1
i23,e13,c5,p19,l3,6
i100,e08,c5,p35,l3,2
i38,e11,c4,p28,l2,1
i38,e11,c4,p18,l2,2
i02,e06,c1,p14,l3,1
i05,e08,c1,p25,l3,5
i05,e03,c1,p18,l3,2
i05,e01,c1,p15,l3,4
i21,e12,c1,p03,l3,2
i38,e05,c1,p24,l1,1
i23,e04,c5,p25,l3,2
i38,e05,c1,p13,l1,1
i07,e12,c5,p31,l3,1
i39,e09,c5,p09,l3,2
i23,e03,c5,p03,l3,1
i04,e05,c3,p24,l3,3
i06,e07,c5,p05,l2,1
i41,e07,c1,p24,l3,3
i46,e08,c1,p01,l3,2
i20,e08,c5,p29,l3,1
i01,e01,c1,p24,l3,1
i41,e09,c1,p05,l3,1
i13,e04,c5,p07,l3,1
i23,e04,c5,p14,l3,1
i01,e04,c1,p22,l3,1
i06,e10,c5,p14,l3,25272
i06,e10,c5,p32,l4,986
i38,e06,c1,p01,l3,2106
i38,e10,c1,p30,l3,288
i06,e01,c5,p03,l3,82
i38,e10,c1,p28,l2,9
i39,e01,c5,p35,l3,412
i06,e10,c5,p35,l2,121
i14,e04,c5,p02,l3,9
i41,e01,c1,p10,l3,21
i43,e03,c1,p19,l3,3
i38,e06,c1,p25,l3,256
i01,e04,c1,p19,l3,7
i06,e10,c5,p29,l1,35
i06,e09,c5,p35,l2,68
i02,e04,c1,p12,l3,119
i06,e10,c3,p19,l2,83
i05,e07,c1,p10,l3,14
i06,e09,c5,p12,l2,86
i05,e07,c1,p15,l3,7
i38,e06,c4,p17,l3,45
i39,e01,c5,p09,l3,5
i14,e09,c5,p06,l3,4
i34,e03,c5,p18,l3,66
i39,e09,c5,p03,l3,9
i06,e12,c5,p25,l3,35
i23,e04,c5,p08,l3,18
i39,e09,c5,p11,l3,22
i16,e04,c5,p10,l3,13
i41,e07,c1,p21,l3,23
i17,e09,c5,p15,l3,15
i38,e10,c1,unknown,l3,32
i17,e08,c5,p31,l3,10
i14,e08,c5,p04,l3,65
i06,e12,c5,p08,l3,56
i14,e08,c5,p02,l3,13
i06,e12,c5,p31,l3,18
i07,e12,c5,p23,l3,2
i01,e08,c1,p06,l3,7
i23,e03,c5,p21,l3,2
i16,e08,c5,p24,l3,8
i34,e01,c5,p19,l3,28
i34,e08,c5,p05,l3,4
i46,e04,c4,p35,l3,9
i17,e08,c5,p15,l3,47
i42,e05,c5,p03,l3,3
i23,e04,c5,p05,l3,6
i46,e01,c4,p35,l3,11
i02,e09,c1,p31,l3,3
i38,e04,c1,unknown,l1,8
i38,e10,c4,p22,l4,16
i27,e08,c5,p22,l3,3
i05,e04,c1,p19,l3,15
i46,e08,c4,p09,l3,1
i41,e01,c1,p02,l3,6
i38,e11,c1,unknown,l2,1
i38,e07,c1,p14,l2,19
i42,e05,c5,p19,l3,7
i27,e10,c5,p05,l3,5
i34,e09,c5,p03,l3,14
i38,e12,c1,p06,l3,1
i16,e11,c5,p21,l3,1
i16,e09,c5,p15,l3,1
i67,e01,c5,p29,l3,1
i43,e08,c1,p03,l3,1
i39,e04,c5,p23,l3,5
i12,e12,c5,p01,l3,1
i05,e12,c1,p25,l3,6
i86,e04,c5,p16,l3,2
i03,e10,c5,p07,l3,2
i13,e03,c5,p06,l3,2
i38,e11,c4,p06,l2,1
i46,e04,c1,p02,l3,1
i07,e11,c5,p03,l3,1
i05,e07,c1,p20,l3,1
i42,e05,c5,p30,l3,1
i23,e13,c5,p15,l3,1
i47,e09,c4,p35,l3,1
i38,e10,c1,p10,l4,19546
i06,e10,c5,p13,l4,2526
i06,e10,c5,p31,l3,4065
i06,e10,c5,p16,l2,111
i38,e06,c1,p13,l3,4594
i06,e10,c5,p07,l1,69
i38,e04,c1,p10,l1,1205
i38,e01,c1,p21,l3,101
i38,e04,c1,p15,l1,84
i21,e09,c1,p21,l3,1
i16,e09,c5,p01,l3,7
i02,e04,c1,p35,l3,94
i02,e04,c1,p22,l3,20
i67,e10,c5,p19,l3,12
i38,e10,c1,p16,l1,19
i30,e09,c1,p19,l3,21
i38,e06,c1,unknown,l3,32
i05,e12,c1,p21,l3,11
i38,e07,c1,p21,l2,57
i38,e06,c4,p22,l3,32
i46,e08,c4,p35,l3,334
i34,e03,c5,p22,l3,29
i05,e01,c1,p12,l3,5
i34,e01,c5,p35,l3,86
i06,e10,c5,p23,l2,21
i17,e11,c5,p15,l3,42
i39,e09,c5,p13,l3,32
i34,e09,c5,p09,l3,15
i38,e06,c4,p08,l3,76
i05,e03,c1,p15,l3,1
i02,e01,c1,p08,l3,17
i19,e10,c3,p10,l3,56
i38,e10,c1,unknown,l4,4
i16,e04,c5,p17,l3,3
i07,e12,c5,p13,l3,18
i13,e08,c5,p24,l3,6
i23,e09,c5,p03,l3,9
i34,e01,c5,p09,l3,7
i17,e04,c5,p22,l3,49
i05,e03,c1,p08,l3,2
unknown,e04,c5,p35,l3,4
i38,e04,c1,p28,l1,17
i16,e09,c5,p04,l3,2
i14,e11,c5,p01,l3,3
i14,e08,c5,p24,l3,3
i25,e10,c5,p19,l4,9
i21,e01,c1,p04,l3,8
i23,e04,c5,p28,l3,10
i16,e04,c5,p19,l3,11
i06,e10,c3,p10,l4,9
i16,e08,c5,p20,l3,1
i27,e04,c5,p17,l3,5
i35,e04,c2,p35,l3,2
i13,e03,c5,p10,l3,5
i16,e01,c5,p18,l3,4
i63,e10,c1,p01,l3,3
i41,e07,c1,p03,l3,19
i02,e04,c1,p08,l3,16
i89,e04,c1,p13,l3,2
i27,e04,c5,p11,l3,5
i14,e08,c3,p17,l3,1
i30,e01,c1,p21,l3,8
i22,e02,c5,p35,l3,2
i03,e08,c5,p13,l3,1
i05,e12,c1,p18,l3,4
i20,e04,c5,p29,l3,2
i41,e12,c1,p29,l3,1
i05,e09,c1,p04,l3,2
i68,e09,c1,p21,l3,1
i27,e09,c5,p11,l3,2
i05,e04,c1,p22,l3,1
i05,e03,c1,p07,l3,2
i21,e01,c1,p21,l3,4
i43,e07,c1,p10,l3,1
i41,e04,c1,p15,l3,1
i41,e01,c1,p18,l3,2
i43,e09,c1,p29,l3,1
i01,e01,c1,p08,l3,1
i05,e01,c1,p08,l3,1
i21,e03,c1,p05,l3,1
i30,e09,c1,p14,l3,1
i38,e11,c4,p29,l2,1
i06,e08,c5,p06,l2,1721
i06,e11,c5,p12,l2,566
i02,e01,c1,p07,l3,74
i38,e10,c4,p19,l4,133
i06,e09,c5,p04,l2,93
i38,e04,c7,p10,l1,22
i38,e10,c1,p11,l1,43
i38,e10,c1,p17,l2,43
i16,e09,c5,p02,l3,1
i41,e01,c1,p13,l3,22
i38,e10,c4,p15,l4,32
i06,e09,c5,p08,l2,26
i46,e08,c4,p01,l3,34
i17,e11,c5,p16,l3,152
i21,e12,c1,p09,l3,16
i30,e04,c1,p04,l3,7
i06,e10,c3,p15,l4,7
i02,e01,c1,p05,l3,36
i34,e08,c5,p35,l3,66
i06,e12,c5,p09,l3,68
i17,e09,c5,p02,l3,18
i34,e09,c5,p35,l3,48
i41,e01,c1,p19,l3,35
i05,e07,c1,p03,l3,15
i68,e12,c1,p12,l3,8
i46,e11,c1,p02,l3,67
i34,e08,c5,p16,l3,19
i17,e08,c5,p12,l3,24
i06,e11,c3,p13,l2,12
i25,e10,c5,p21,l4,8
i16,e04,c5,p03,l3,7
i16,e08,c5,p35,l3,1
i17,e08,c5,p16,l3,38
i06,e12,c5,p20,l3,92
i06,e02,c5,p31,l1,1
i17,e09,c5,p07,l3,10
i16,e04,c5,p11,l3,9
i23,e03,c5,p04,l3,3
i38,e12,c1,p29,l3,8
i14,e08,c5,p09,l3,5
i05,e06,c1,p09,l3,4
i42,e05,c5,p29,l3,1
i38,e11,c4,p01,l2,4
i67,e01,c5,p16,l3,2
i38,e10,c1,p25,l2,14
i06,e10,c3,p29,l4,13
i41,e04,c1,p25,l3,6
i13,e11,c5,p19,l3,11
i41,e04,c1,p14,l3,2
i41,e07,c1,p19,l3,14
i38,e10,c1,p33,l3,3
i46,e04,c4,p07,l3,1
i38,e11,c1,p26,l2,7
i16,e04,c5,p04,l3,1
i13,e11,c5,p14,l3,3
i41,e07,c1,p01,l3,5
i07,e01,c5,p10,l3,4
i12,e01,c5,p18,l3,2
i09,e01,c5,p35,l3,1
i06,e05,c5,p14,l1,2
i38,e11,c1,unknown,l2,1
i21,e03,c1,p01,l3,1
i48,e08,c1,p15,l3,1
i43,e03,c1,p07,l3,2
i38,e12,c1,p12,l3,1
i21,e12,c1,p24,l3,1
i06,e02,c5,p16,l1,1
i38,e01,c4,p13,l3,2
i07,e05,c5,p35,l3,1
i23,e03,c5,p29,l3,1
i03,e04,c5,p18,l3,1
i07,e08,c5,p04,l3,1
i03,e09,c5,p11,l3,1
i25,e04,c5,p11,l3,1
i07,e04,c5,p28,l3,1
i05,e09,c1,p20,l3,1
i03,e01,c5,p16,l3,2
i38,e10,c1,p23,l3,2085
i38,e11,c1,p22,l2,58
i38,e11,c1,p15,l2,261
i38,e06,c1,p07,l3,1703
i06,e11,c5,p21,l2,639
i46,e01,c1,p13,l3,107
i06,e08,c5,p03,l2,2809
i46,e09,c4,p13,l3,24
i38,e06,c1,p20,l3,167
i38,e11,c1,p25,l2,36
i38,e10,c1,p05,l2,75
i06,e04,c5,p04,l1,296
i38,e10,c1,p18,l1,20
i39,e09,c5,p21,l3,40
i38,e09,c1,p09,l2,25
i38,e12,c1,p21,l3,5
i33,e10,c1,p15,l3,3
i21,e03,c1,p02,l3,2
i41,e11,c1,p04,l3,4
i17,e01,c5,p29,l3,37
i38,e06,c4,p19,l3,39
i16,e01,c5,p10,l3,11
i38,e10,c7,p04,l3,27
i13,e08,c5,p19,l3,29
i41,e11,c1,p18,l3,21
i23,e08,c5,p10,l3,70
i21,e09,c1,p07,l3,7
i02,e08,c1,p02,l3,258
i06,e04,c5,p30,l1,9
i17,e04,c5,p11,l3,85
i33,e10,c1,p11,l3,3
i33,e03,c1,p07,l3,10
i27,e04,c5,p05,l3,4
i06,e05,c5,p22,l1,2
i17,e09,c5,p05,l3,5
i13,e03,c5,p23,l3,1
i21,e04,c1,p18,l3,1
i06,e04,c5,p23,l1,53
i23,e01,c5,p03,l3,9
i17,e08,c5,p18,l3,26
i34,e04,c5,p03,l3,12
i05,e08,c1,p11,l3,41
i06,e07,c5,p28,l2,11
i14,e12,c5,p21,l3,7
i38,e08,c1,p28,l2,16
i13,e11,c5,p15,l3,16
i66,e04,c3,p23,l3,1
i14,e11,c5,p24,l3,1
i38,e10,c1,unknown,l3,2
i42,e05,c5,p18,l3,2
i06,e10,c5,p20,l1,13
i21,e01,c1,p22,l3,7
i14,e04,c5,p01,l3,4
i46,e08,c1,p33,l3,5
i16,e01,c5,p13,l3,3
i46,e01,c1,p21,l3,4
i06,e01,c3,p03,l3,2
i38,e10,c1,unknown,l3,4
i20,e04,c5,p18,l3,2
i14,e01,c5,p19,l3,4
i05,e07,c1,p23,l3,4
i19,e04,c5,p35,l3,2
i05,e09,c1,p14,l3,10
i23,e09,c5,p28,l3,2
i23,e13,c5,p23,l3,1
i01,e09,c1,p10,l3,6
unknown,e09,c1,p35,l3,1
i23,e01,c5,p32,l3,1
i23,e01,c5,p35,l3,2
i14,e09,c5,p10,l3,2
i43,e05,c1,p10,l3,1
i17,e05,c5,p35,l3,3
i42,e05,c5,p32,l3,1
i38,e08,c1,p31,l2,1
i12,e04,c5,p14,l3,1
i12,e01,c5,p35,l3,1
i21,e09,c1,p05,l3,3
i01,e01,c1,p05,l3,1
